FrameTimeMillis,MemoryUsageBytes,Technique,RepeatNumber
1506.567,94162707,Greedy_FlatArray,0
597.3973,95454878,Greedy_FlatArray,0
83.0731,95213442,Greedy_FlatArray,0
18.1342,95263111,Greedy_FlatArray,0
44.7361,95511714,Greedy_FlatArray,0
49.9761,95287777,Greedy_FlatArray,0
50.3414,95542617,Greedy_FlatArray,0
16.5611,95301267,Greedy_FlatArray,0
16.7374,95563580,Greedy_FlatArray,0
16.8308,95326692,Greedy_FlatArray,0
16.2241,95361688,Greedy_FlatArray,0
16.8588,95373164,Greedy_FlatArray,0
16.736,95631040,Greedy_FlatArray,0
16.5263,95408888,Greedy_FlatArray,0
16.702,95644935,Greedy_FlatArray,0
17.3574,95445995,Greedy_FlatArray,0
15.898,95442745,Greedy_FlatArray,0
16.7201,95466354,Greedy_FlatArray,0
16.9401,95488303,Greedy_FlatArray,0
16.5297,95769020,Greedy_FlatArray,0
16.6144,95511244,Greedy_FlatArray,0
16.5365,95533680,Greedy_FlatArray,0
16.6215,95557387,Greedy_FlatArray,0
16.8668,95578113,Greedy_FlatArray,0
16.984,95600302,Greedy_FlatArray,0
28.8441,95622738,Greedy_FlatArray,0
13.1756,95896036,Greedy_FlatArray,0
7.8075,95629159,Greedy_FlatArray,0
16.2321,95896395,Greedy_FlatArray,0
16.7133,95674893,Greedy_FlatArray,0
16.8124,95942403,Greedy_FlatArray,0
16.6716,95709807,Greedy_FlatArray,0
16.7038,95917170,Greedy_FlatArray,0
16.7705,95759086,Greedy_FlatArray,0
16.3767,95931104,Greedy_FlatArray,0
16.7665,95820543,Greedy_FlatArray,0
16.7802,95958242,Greedy_FlatArray,0
16.534,95785146,Greedy_FlatArray,0
16.4923,95617331,Greedy_FlatArray,0
17.0627,96086495,Greedy_FlatArray,0
16.2672,95617259,Greedy_FlatArray,0
16.8819,95642703,Greedy_FlatArray,0
16.7218,96088400,Greedy_FlatArray,0
16.5012,95641639,Greedy_FlatArray,0
16.5588,96108510,Greedy_FlatArray,0
16.8187,95913618,Greedy_FlatArray,0
16.4961,96119961,Greedy_FlatArray,0
16.7085,95927248,Greedy_FlatArray,0
16.7323,96182897,Greedy_FlatArray,0
16.584,95949261,Greedy_FlatArray,0
16.7746,96207413,Greedy_FlatArray,0
16.8019,95974168,Greedy_FlatArray,0
16.6494,96182496,Greedy_FlatArray,0
16.4667,95617151,Greedy_FlatArray,0
16.8819,95628755,Greedy_FlatArray,0
16.2633,96264134,Greedy_FlatArray,0
16.8201,96045982,Greedy_FlatArray,0
16.6651,95628671,Greedy_FlatArray,0
16.6596,96324860,Greedy_FlatArray,0
16.6117,95628791,Greedy_FlatArray,0
16.9347,96114995,Greedy_FlatArray,0
16.3134,96344438,Greedy_FlatArray,0
16.8964,95640275,Greedy_FlatArray,0
16.5622,95640263,Greedy_FlatArray,0
16.6236,96391861,Greedy_FlatArray,0
16.5613,96183385,Greedy_FlatArray,0
17.0031,95641363,Greedy_FlatArray,0
16.4557,96463065,Greedy_FlatArray,0
16.7335,96228389,Greedy_FlatArray,0
16.6803,95629615,Greedy_FlatArray,0
16.5239,96478999,Greedy_FlatArray,0
16.7039,96285147,Greedy_FlatArray,0
16.8886,96517424,Greedy_FlatArray,0
16.5993,96310790,Greedy_FlatArray,0
16.5386,96457476,Greedy_FlatArray,0
16.8561,96408999,Greedy_FlatArray,0
16.4057,96456415,Greedy_FlatArray,0
16.6662,96467203,Greedy_FlatArray,0
16.9287,96500328,Greedy_FlatArray,0
22.2263,95660831,Greedy_FlatArray,0
15.9903,97101568,Greedy_FlatArray,0
11.5804,96086675,Greedy_FlatArray,0
33.3314,97153203,Greedy_FlatArray,0
17.6976,96931787,Greedy_FlatArray,0
15.7584,97221207,Greedy_FlatArray,0
16.5494,96131099,Greedy_FlatArray,0
17.0488,97240626,Greedy_FlatArray,0
16.4761,96131411,Greedy_FlatArray,0
16.4758,97260918,Greedy_FlatArray,0
16.7385,96131079,Greedy_FlatArray,0
16.5507,97284229,Greedy_FlatArray,0
16.7708,96131199,Greedy_FlatArray,0
16.717,97309186,Greedy_FlatArray,0
16.5083,96130871,Greedy_FlatArray,0
16.7017,97330600,Greedy_FlatArray,0
16.7658,96131015,Greedy_FlatArray,0
16.6954,97354749,Greedy_FlatArray,0
16.4894,96130831,Greedy_FlatArray,0
17.1566,96142547,Greedy_FlatArray,0
16.2811,96142679,Greedy_FlatArray,0
16.7518,96143707,Greedy_FlatArray,0
16.6614,97419029,Greedy_FlatArray,0
16.5284,96130931,Greedy_FlatArray,0
16.7535,97498320,Greedy_FlatArray,0
16.7234,96170034,Greedy_FlatArray,0
16.4251,96568820,Greedy_FlatArray,0
16.8749,96346091,Greedy_FlatArray,0
18.2235,96752201,Greedy_FlatArray,0
14.8692,96466571,Greedy_FlatArray,0
16.7319,96798468,Greedy_FlatArray,0
16.8464,96523375,Greedy_FlatArray,0
16.5966,96913009,Greedy_FlatArray,0
16.6565,96521995,Greedy_FlatArray,0
16.7412,96935282,Greedy_FlatArray,0
16.3862,96521331,Greedy_FlatArray,0
17.098,96956904,Greedy_FlatArray,0
16.4571,96521563,Greedy_FlatArray,0
16.4546,96979338,Greedy_FlatArray,0
16.6716,96521503,Greedy_FlatArray,0
16.8384,96765018,Greedy_FlatArray,0
16.543,97013593,Greedy_FlatArray,0
16.6631,96757489,Greedy_FlatArray,0
16.8997,96824564,Greedy_FlatArray,0
16.4141,96586591,Greedy_FlatArray,0
16.5949,96586019,Greedy_FlatArray,0
16.9485,96574311,Greedy_FlatArray,0
16.419,97115192,Greedy_FlatArray,0
16.8483,96927470,Greedy_FlatArray,0
16.6902,97201604,Greedy_FlatArray,0
16.3811,96562587,Greedy_FlatArray,0
16.75,96996796,Greedy_FlatArray,0
16.7563,97197012,Greedy_FlatArray,0
16.4797,97002752,Greedy_FlatArray,0
16.6955,97175347,Greedy_FlatArray,0
16.9006,96740715,Greedy_FlatArray,0
16.4581,97576382,Greedy_FlatArray,0
16.7251,97335166,Greedy_FlatArray,0
16.9614,97648503,Greedy_FlatArray,0
16.3743,96812079,Greedy_FlatArray,0
16.6325,97613330,Greedy_FlatArray,0
16.924,96810187,Greedy_FlatArray,0
16.479,97428988,Greedy_FlatArray,0
16.6155,97663413,Greedy_FlatArray,0
16.6605,96825003,Greedy_FlatArray,0
16.6882,97695104,Greedy_FlatArray,0
16.7532,97446558,Greedy_FlatArray,0
16.5442,97717314,Greedy_FlatArray,0
16.5712,97469704,Greedy_FlatArray,0
16.6747,97743907,Greedy_FlatArray,0
16.7763,97495097,Greedy_FlatArray,0
16.5795,97770662,Greedy_FlatArray,0
16.5829,97519628,Greedy_FlatArray,0
17.0472,97805930,Greedy_FlatArray,0
16.2867,97556060,Greedy_FlatArray,0
16.991,97827248,Greedy_FlatArray,0
16.6286,97581250,Greedy_FlatArray,0
16.298,97865909,Greedy_FlatArray,0
33.6146,96856779,Greedy_FlatArray,0
16.4281,97892209,Greedy_FlatArray,0
16.7875,96855591,Greedy_FlatArray,0
16.7812,96878811,Greedy_FlatArray,0
16.5299,97898195,Greedy_FlatArray,0
16.6269,96867171,Greedy_FlatArray,0
16.8079,97923108,Greedy_FlatArray,0
16.5184,96878479,Greedy_FlatArray,0
16.7326,97946303,Greedy_FlatArray,0
16.647,97746957,Greedy_FlatArray,0
16.5442,97995508,Greedy_FlatArray,0
16.7145,97801916,Greedy_FlatArray,0
16.8757,97838763,Greedy_FlatArray,0
16.5137,97901850,Greedy_FlatArray,0
16.5669,98209741,Greedy_FlatArray,0
16.923,97228455,Greedy_FlatArray,0
16.773,98529210,Greedy_FlatArray,0
16.4971,98340592,Greedy_FlatArray,0
16.9202,98302671,Greedy_FlatArray,0
16.1887,97310167,Greedy_FlatArray,0
16.7238,98622151,Greedy_FlatArray,0
16.7902,97354947,Greedy_FlatArray,0
16.5871,98719028,Greedy_FlatArray,0
16.6354,98497480,Greedy_FlatArray,0
16.8363,97428835,Greedy_FlatArray,0
16.4076,98733950,Greedy_FlatArray,0
16.9182,98547428,Greedy_FlatArray,0
16.5538,98955514,Greedy_FlatArray,0
16.6875,98669932,Greedy_FlatArray,0
16.6422,98944483,Greedy_FlatArray,0
16.9543,98752283,Greedy_FlatArray,0
16.515,97565175,Greedy_FlatArray,0
16.5466,99027160,Greedy_FlatArray,0
16.762,97541391,Greedy_FlatArray,0
16.465,99074902,Greedy_FlatArray,0
16.7153,97541367,Greedy_FlatArray,0
16.8475,99100218,Greedy_FlatArray,0
16.4302,97541247,Greedy_FlatArray,0
16.8766,99065212,Greedy_FlatArray,0
16.6491,98857372,Greedy_FlatArray,0
16.4618,99122180,Greedy_FlatArray,0
16.7136,98890576,Greedy_FlatArray,0
17.0093,99132819,Greedy_FlatArray,0
16.2874,97563303,Greedy_FlatArray,0
16.9174,99169328,Greedy_FlatArray,0
16.4245,98975076,Greedy_FlatArray,0
16.6093,99248204,Greedy_FlatArray,0
16.6957,98995758,Greedy_FlatArray,0
16.8411,99188775,Greedy_FlatArray,0
16.5699,99026988,Greedy_FlatArray,0
16.5076,99137468,Greedy_FlatArray,0
16.7943,99301736,Greedy_FlatArray,0
16.6292,99186104,Greedy_FlatArray,0
16.5665,99412752,Greedy_FlatArray,0
16.827,99611938,Greedy_FlatArray,0
16.9934,99687914,Greedy_FlatArray,0
16.3936,99542894,Greedy_FlatArray,0
25.4715,100095520,Greedy_FlatArray,0
7.7041,99910820,Greedy_FlatArray,0
16.4164,100344169,Greedy_FlatArray,0
16.9717,98655695,Greedy_FlatArray,0
16.6842,100594557,Greedy_FlatArray,0
16.5605,100414727,Greedy_FlatArray,0
16.6631,100638386,Greedy_FlatArray,0
16.6199,100416218,Greedy_FlatArray,0
16.7734,98704447,Greedy_FlatArray,0
16.6674,100709132,Greedy_FlatArray,0
16.5355,98692263,Greedy_FlatArray,0
16.7602,100742528,Greedy_FlatArray,0
16.5676,100494982,Greedy_FlatArray,0
16.7504,100788266,Greedy_FlatArray,0
16.588,100540400,Greedy_FlatArray,0
16.8005,100820632,Greedy_FlatArray,0
16.6789,100667252,Greedy_FlatArray,0
16.6346,100981573,Greedy_FlatArray,0
16.5212,100659915,Greedy_FlatArray,0
16.6586,101026659,Greedy_FlatArray,0
16.6768,100730239,Greedy_FlatArray,0
16.8628,100855736,Greedy_FlatArray,0
16.4788,101134655,Greedy_FlatArray,0
16.6011,100901665,Greedy_FlatArray,0
16.7556,101210590,Greedy_FlatArray,0
16.6595,100963034,Greedy_FlatArray,0
16.709,99013895,Greedy_FlatArray,0
16.7364,99014039,Greedy_FlatArray,0
16.439,101225278,Greedy_FlatArray,0
17.0147,99002559,Greedy_FlatArray,0
16.6821,99014163,Greedy_FlatArray,0
16.4127,101246016,Greedy_FlatArray,0
16.7478,101139074,Greedy_FlatArray,0
16.6502,101271280,Greedy_FlatArray,0
16.5987,101152428,Greedy_FlatArray,0
16.53,99008103,Greedy_FlatArray,0
16.9049,99228352,Greedy_FlatArray,0
16.4037,99243732,Greedy_FlatArray,0
16.8582,99554704,Greedy_FlatArray,0
16.8546,99383042,Greedy_FlatArray,0
16.3981,99973657,Greedy_FlatArray,0
17.4279,99874971,Greedy_FlatArray,0
16.3704,100011340,Greedy_FlatArray,0
16.1239,100054222,Greedy_FlatArray,0
17.0139,99694327,Greedy_FlatArray,0
16.7152,100278518,Greedy_FlatArray,0
16.3006,100047150,Greedy_FlatArray,0
16.7007,100234911,Greedy_FlatArray,0
20.9662,100305247,Greedy_FlatArray,0
12.5793,100989234,Greedy_FlatArray,0
16.5446,100677399,Greedy_FlatArray,0
16.7669,101086884,Greedy_FlatArray,0
16.6988,101281448,Greedy_FlatArray,0
16.6121,100709095,Greedy_FlatArray,0
16.4902,101293963,Greedy_FlatArray,0
16.5564,101134803,Greedy_FlatArray,0
16.7913,101368072,Greedy_FlatArray,0
16.7709,101656947,Greedy_FlatArray,0
17.2636,101956603,Greedy_FlatArray,0
15.9305,101664059,Greedy_FlatArray,0
16.8262,102142886,Greedy_FlatArray,0
16.7316,101347815,Greedy_FlatArray,0
16.4793,102050013,Greedy_FlatArray,0
16.7869,101870410,Greedy_FlatArray,0
16.4329,101881423,Greedy_FlatArray,0
16.6137,102076674,Greedy_FlatArray,0
16.7425,101908105,Greedy_FlatArray,0
16.6972,102155952,Greedy_FlatArray,0
16.5732,101994484,Greedy_FlatArray,0
16.9263,102213424,Greedy_FlatArray,0
16.845,102036406,Greedy_FlatArray,0
16.5087,102282066,Greedy_FlatArray,0
16.6714,102027002,Greedy_FlatArray,0
16.5121,102291822,Greedy_FlatArray,0
16.5733,102061294,Greedy_FlatArray,0
16.7725,101449367,Greedy_FlatArray,0
20.7992,102159136,Greedy_FlatArray,0
12.2418,102217555,Greedy_FlatArray,0
17.173,102229321,Greedy_FlatArray,0
16.4108,102451449,Greedy_FlatArray,0
16.5579,102283169,Greedy_FlatArray,0
16.7102,101556867,Greedy_FlatArray,0
22.8398,102796010,Greedy_FlatArray,0
10.1535,102580384,Greedy_FlatArray,0
17.0424,103133807,Greedy_FlatArray,0
16.6859,102887957,Greedy_FlatArray,0
16.5534,103347960,Greedy_FlatArray,0
18.0858,103716343,Greedy_FlatArray,0
14.8995,103279081,Greedy_FlatArray,0
17.0831,103478313,Greedy_FlatArray,0
17.0698,103349521,Greedy_FlatArray,0
16.1919,103841697,Greedy_FlatArray,0
16.8817,103471265,Greedy_FlatArray,0
16.6009,103775117,Greedy_FlatArray,0
16.7268,102647143,Greedy_FlatArray,0
16.5293,102804578,Greedy_FlatArray,0
16.8698,102970934,Greedy_FlatArray,0
21.8659,103162221,Greedy_FlatArray,0
10.9314,102956671,Greedy_FlatArray,0
17.0672,102945387,Greedy_FlatArray,0
16.5997,103271146,Greedy_FlatArray,0
17.7648,103423249,Greedy_FlatArray,0
15.3212,103447430,Greedy_FlatArray,0
16.84,103610282,Greedy_FlatArray,0
16.6396,103416754,Greedy_FlatArray,0
16.7386,103560893,Greedy_FlatArray,0
16.7085,103879618,Greedy_FlatArray,0
16.4273,103656532,Greedy_FlatArray,0
16.8513,103381063,Greedy_FlatArray,0
16.6025,103944015,Greedy_FlatArray,0
16.7848,103758425,Greedy_FlatArray,0
16.5387,104015019,Greedy_FlatArray,0
16.7034,103839662,Greedy_FlatArray,0
16.6721,104013314,Greedy_FlatArray,0
16.5941,103446183,Greedy_FlatArray,0
16.5579,104028324,Greedy_FlatArray,0
16.798,103869820,Greedy_FlatArray,0
16.6823,104027895,Greedy_FlatArray,0
16.6109,103917027,Greedy_FlatArray,0
16.7676,103403951,Greedy_FlatArray,0
16.7108,104154980,Greedy_FlatArray,0
16.4516,103403927,Greedy_FlatArray,0
16.766,103455951,Greedy_FlatArray,0
16.6328,104216900,Greedy_FlatArray,0
16.8454,104038866,Greedy_FlatArray,0
16.4485,104121316,Greedy_FlatArray,0
16.9838,104470724,Greedy_FlatArray,0
17.265,105786997,Greedy_FlatArray,0
15.8333,104321627,Greedy_FlatArray,0
16.7137,105074156,Greedy_FlatArray,0
17.7398,104859898,Greedy_FlatArray,0
15.1122,104283675,Greedy_FlatArray,0
27.6846,105105224,Greedy_FlatArray,0
23.9139,105746088,Greedy_FlatArray,0
7.2133,107230834,Greedy_FlatArray,0
24.9675,105787906,Greedy_FlatArray,0
16.6564,105721975,Greedy_FlatArray,0
20.0359,106091028,Greedy_FlatArray,0
21.1037,106215633,Greedy_FlatArray,0
9.4463,106161397,Greedy_FlatArray,0
16.4804,106261572,Greedy_FlatArray,0
16.27,106347461,Greedy_FlatArray,0
16.679,105377915,Greedy_FlatArray,0
16.757,106418601,Greedy_FlatArray,0
16.6922,106531859,Greedy_FlatArray,0
16.6508,106422713,Greedy_FlatArray,0
16.4784,105384643,Greedy_FlatArray,0
17.5908,106914622,Greedy_FlatArray,0
15.8729,106684907,Greedy_FlatArray,0
16.5028,106945169,Greedy_FlatArray,0
16.6756,106781425,Greedy_FlatArray,0
16.8432,106974556,Greedy_FlatArray,0
16.4124,105629115,Greedy_FlatArray,0
16.8147,107020143,Greedy_FlatArray,0
16.6242,106764435,Greedy_FlatArray,0
17.0319,105640695,Greedy_FlatArray,0
16.1153,107028200,Greedy_FlatArray,0
16.7276,106949248,Greedy_FlatArray,0
16.6094,107095400,Greedy_FlatArray,0
16.7096,107124236,Greedy_FlatArray,0
16.8163,107275631,Greedy_FlatArray,0
16.6832,107138905,Greedy_FlatArray,0
16.5372,107383154,Greedy_FlatArray,0
16.738,107176552,Greedy_FlatArray,0
16.7343,107217774,Greedy_FlatArray,0
16.4378,107376070,Greedy_FlatArray,0
16.9223,107202044,Greedy_FlatArray,0
16.6655,107417130,Greedy_FlatArray,0
16.5379,107326464,Greedy_FlatArray,0
16.7754,107416884,Greedy_FlatArray,0
16.6329,107456518,Greedy_FlatArray,0
16.5715,107333834,Greedy_FlatArray,0
16.5994,107457898,Greedy_FlatArray,0
16.9819,107584012,Greedy_FlatArray,0
16.51,107798072,Greedy_FlatArray,0
16.7096,107710674,Greedy_FlatArray,0
16.5642,107882012,Greedy_FlatArray,0
16.8194,108311164,Greedy_FlatArray,0
17.0927,106342411,Greedy_FlatArray,0
17.9109,108274008,Greedy_FlatArray,0
21.9141,108910462,Greedy_FlatArray,0
9.7404,110571899,Greedy_FlatArray,0
16.4911,108582984,Greedy_FlatArray,0
16.8116,108679346,Greedy_FlatArray,0
20.2091,109003875,Greedy_FlatArray,0
14.1598,109031424,Greedy_FlatArray,0
16.1948,109502899,Greedy_FlatArray,0
16.5564,109440313,Greedy_FlatArray,0
16.6426,109385879,Greedy_FlatArray,0
22.8899,110122498,Greedy_FlatArray,0
17.3657,111811591,Greedy_FlatArray,0
9.929399,110418791,Greedy_FlatArray,0
15.5873,110251078,Greedy_FlatArray,0
16.5489,110268432,Greedy_FlatArray,0
18.3807,110597315,Greedy_FlatArray,0
16.1036,110388669,Greedy_FlatArray,0
15.751,110663946,Greedy_FlatArray,0
18.0034,110540944,Greedy_FlatArray,0
15.0716,110587614,Greedy_FlatArray,0
16.5771,110518612,Greedy_FlatArray,0
17.1757,110607957,Greedy_FlatArray,0
16.7411,108515887,Greedy_FlatArray,0
16.8598,108657794,Greedy_FlatArray,0
16.4722,108894725,Greedy_FlatArray,0
16.4456,108796653,Greedy_FlatArray,0
16.8737,108952093,Greedy_FlatArray,0
19.1441,109159935,Greedy_FlatArray,0
13.7033,108938491,Greedy_FlatArray,0
17.0067,109110877,Greedy_FlatArray,0
16.8368,108902525,Greedy_FlatArray,0
16.4019,109156228,Greedy_FlatArray,0
16.6755,108924684,Greedy_FlatArray,0
16.74,109084028,Greedy_FlatArray,0
16.6809,108953704,Greedy_FlatArray,0
16.7963,108781163,Greedy_FlatArray,0
16.4353,109058433,Greedy_FlatArray,0
16.6266,109261566,Greedy_FlatArray,0
16.8144,109085390,Greedy_FlatArray,0
16.5996,109144911,Greedy_FlatArray,0
16.6434,109452473,Greedy_FlatArray,0
16.6305,109423669,Greedy_FlatArray,0
16.7942,109649951,Greedy_FlatArray,0
16.6261,109557819,Greedy_FlatArray,0
16.7572,109858447,Greedy_FlatArray,0
16.9624,109591307,Greedy_FlatArray,0
16.3175,110092643,Greedy_FlatArray,0
16.5445,109767929,Greedy_FlatArray,0
16.634,109383199,Greedy_FlatArray,0
22.5328,110670951,Greedy_FlatArray,0
11.3759,112163366,Greedy_FlatArray,0
16.7848,110358339,Greedy_FlatArray,0
15.7773,110477743,Greedy_FlatArray,0
17.8001,110733643,Greedy_FlatArray,0
16.4836,109999747,Greedy_FlatArray,0
16.1703,111192662,Greedy_FlatArray,0
19.7127,110870786,Greedy_FlatArray,0
16.6627,111454009,Greedy_FlatArray,0
13.8572,113125083,Greedy_FlatArray,0
15.9749,110644943,Greedy_FlatArray,0
22.2312,111926831,Greedy_FlatArray,0
26.2399,112303086,Greedy_FlatArray,0
8.3693,112262846,Greedy_FlatArray,0
26.6801,112521549,Greedy_FlatArray,0
16.6193,112502313,Greedy_FlatArray,0
16.6455,112660641,Greedy_FlatArray,0
16.6923,112692001,Greedy_FlatArray,0
16.9958,112570593,Greedy_FlatArray,0
16.6735,112790608,Greedy_FlatArray,0
17.5322,112798763,Greedy_FlatArray,0
15.2299,112596293,Greedy_FlatArray,0
16.9562,112851661,Greedy_FlatArray,0
16.7558,112693897,Greedy_FlatArray,0
16.6025,112861860,Greedy_FlatArray,0
16.777,112924694,Greedy_FlatArray,0
16.5932,113112208,Greedy_FlatArray,0
16.9168,112918710,Greedy_FlatArray,0
16.2789,112906807,Greedy_FlatArray,0
16.8973,113170853,Greedy_FlatArray,0
16.3838,111954247,Greedy_FlatArray,0
17.1935,111944611,Greedy_FlatArray,0
16.7096,112004109,Greedy_FlatArray,0
16.188,112254704,Greedy_FlatArray,0
16.602,111931327,Greedy_FlatArray,0
16.7982,112267844,Greedy_FlatArray,0
16.5964,111932343,Greedy_FlatArray,0
16.7099,112228180,Greedy_FlatArray,0
16.6666,112525684,Greedy_FlatArray,0
16.7179,112408934,Greedy_FlatArray,0
16.468,112673776,Greedy_FlatArray,0
17.9445,113247861,Greedy_FlatArray,0
15.0361,112762166,Greedy_FlatArray,0
16.6209,113049093,Greedy_FlatArray,0
17.5481,112806923,Greedy_FlatArray,0
16.1342,113178605,Greedy_FlatArray,0
16.8727,112831165,Greedy_FlatArray,0
16.7303,113199625,Greedy_FlatArray,0
16.4744,112931301,Greedy_FlatArray,0
16.7098,113202280,Greedy_FlatArray,0
17.5081,113558784,Greedy_FlatArray,0
16.3328,113616484,Greedy_FlatArray,0
16.0683,113926900,Greedy_FlatArray,0
17.2609,114022892,Greedy_FlatArray,0
16.239,114063024,Greedy_FlatArray,0
17.4965,114395251,Greedy_FlatArray,0
15.7984,114523631,Greedy_FlatArray,0
17.0088,114879171,Greedy_FlatArray,0
17.6863,114866599,Greedy_FlatArray,0
18.299,114996995,Greedy_FlatArray,0
16.9279,115458106,Greedy_FlatArray,0
14.1693,115685112,Greedy_FlatArray,0
15.5944,115247040,Greedy_FlatArray,0
21.8556,115922279,Greedy_FlatArray,0
18.4254,115423355,Greedy_FlatArray,0
23.0577,114725383,Greedy_FlatArray,0
14.2291,116506906,Greedy_FlatArray,0
13.0139,117810585,Greedy_FlatArray,0
11.8062,116005123,Greedy_FlatArray,0
31.7555,116336636,Greedy_FlatArray,0
17.3634,116094936,Greedy_FlatArray,0
15.1648,116296035,Greedy_FlatArray,0
17.0831,116036059,Greedy_FlatArray,0
16.7353,116324707,Greedy_FlatArray,0
16.7211,115198531,Greedy_FlatArray,0
17.0284,116263905,Greedy_FlatArray,0
16.033,116435498,Greedy_FlatArray,0
16.6651,116258870,Greedy_FlatArray,0
16.9252,116474229,Greedy_FlatArray,0
16.3009,116724621,Greedy_FlatArray,0
17.0298,115576215,Greedy_FlatArray,0
15.8703,116920208,Greedy_FlatArray,0
17.0901,115569479,Greedy_FlatArray,0
16.7106,116924330,Greedy_FlatArray,0
16.6753,116707186,Greedy_FlatArray,0
16.9005,117044595,Greedy_FlatArray,0
16.5466,116743899,Greedy_FlatArray,0
16.6544,117181599,Greedy_FlatArray,0
17.6275,117820590,Greedy_FlatArray,0
15.5826,117199989,Greedy_FlatArray,0
16.1854,117653343,Greedy_FlatArray,0
16.7635,116033699,Greedy_FlatArray,0
17.0563,117617425,Greedy_FlatArray,0
17.5279,118134805,Greedy_FlatArray,0
17.2396,117881107,Greedy_FlatArray,0
15.581,118432641,Greedy_FlatArray,0
17.5691,118316771,Greedy_FlatArray,0
14.9668,118645760,Greedy_FlatArray,0
28.7803,120900054,Greedy_FlatArray,0
17.9618,118822978,Greedy_FlatArray,0
20.281,119544676,Greedy_FlatArray,0
17.4351,117721999,Greedy_FlatArray,0
17.2947,119940439,Greedy_FlatArray,0
17.8296,122163575,Greedy_FlatArray,0
14.9454,119821707,Greedy_FlatArray,0
15.4186,120258643,Greedy_FlatArray,0
18.1018,120171445,Greedy_FlatArray,0
15.4343,120503223,Greedy_FlatArray,0
16.6073,120353644,Greedy_FlatArray,0
16.7214,120592976,Greedy_FlatArray,0
17.9802,121132623,Greedy_FlatArray,0
15.169,120785720,Greedy_FlatArray,0
16.6406,120650539,Greedy_FlatArray,0
16.5914,121151826,Greedy_FlatArray,0
17.7848,120627430,Greedy_FlatArray,0
15.9104,121466977,Greedy_FlatArray,0
18.032,123043307,Greedy_FlatArray,0
14.9004,121252258,Greedy_FlatArray,0
17.0087,120862328,Greedy_FlatArray,0
16.7726,121452907,Greedy_FlatArray,0
17.8734,121651198,Greedy_FlatArray,0
15.2514,121235115,Greedy_FlatArray,0
16.5566,121466543,Greedy_FlatArray,0
16.7517,121319003,Greedy_FlatArray,0
17.2919,121356719,Greedy_FlatArray,0
15.8939,121610247,Greedy_FlatArray,0
16.7957,121612907,Greedy_FlatArray,0
17.0053,121581941,Greedy_FlatArray,0
16.8489,121891422,Greedy_FlatArray,0
16.4102,121834298,Greedy_FlatArray,0
16.9767,122271671,Greedy_FlatArray,0
17.1984,119965541,Greedy_FlatArray,0
15.4925,120081837,Greedy_FlatArray,0
17.488,120296185,Greedy_FlatArray,0
16.1422,120506393,Greedy_FlatArray,0
17.2304,120858705,Greedy_FlatArray,0
16.6348,120710639,Greedy_FlatArray,0
16.5786,121190667,Greedy_FlatArray,0
17.6124,121122867,Greedy_FlatArray,0
14.8354,120858147,Greedy_FlatArray,0
22.2864,121645489,Greedy_FlatArray,0
16.9348,123835653,Greedy_FlatArray,0
12.2407,124032782,Greedy_FlatArray,0
16.2248,124084615,Greedy_FlatArray,0
16.1314,122204073,Greedy_FlatArray,0
20.6676,122797327,Greedy_FlatArray,0
13.0762,125003157,Greedy_FlatArray,0
16.9702,124828790,Greedy_FlatArray,0
15.4291,123069267,Greedy_FlatArray,0
21.8142,125256872,Greedy_FlatArray,0
12.3115,123130604,Greedy_FlatArray,0
16.9289,123384723,Greedy_FlatArray,0
17.0717,123354095,Greedy_FlatArray,0
15.329,123555825,Greedy_FlatArray,0
17.1976,123590443,Greedy_FlatArray,0
16.1251,123917795,Greedy_FlatArray,0
17.2325,123956303,Greedy_FlatArray,0
16.8539,123271479,Greedy_FlatArray,0
24.4916,124669492,Greedy_FlatArray,0
26.334,127135851,Greedy_FlatArray,0
16.0963,124662284,Greedy_FlatArray,0
15.8567,124919938,Greedy_FlatArray,0
18.0491,125643805,Greedy_FlatArray,0
15.1332,125234692,Greedy_FlatArray,0
16.6214,125242939,Greedy_FlatArray,0
16.8965,125587494,Greedy_FlatArray,0
18.9947,125457222,Greedy_FlatArray,0
14.8157,125910486,Greedy_FlatArray,0
16.9252,125670326,Greedy_FlatArray,0
16.2965,126041984,Greedy_FlatArray,0
17.2739,125882148,Greedy_FlatArray,0
15.484,125710163,Greedy_FlatArray,0
17.3559,126536487,Greedy_FlatArray,0
17.5734,128415700,Greedy_FlatArray,0
14.9517,126371216,Greedy_FlatArray,0
17.3898,125399206,Greedy_FlatArray,0
16.0846,125469602,Greedy_FlatArray,0
17.6119,125185083,Greedy_FlatArray,0
21.2129,126129318,Greedy_FlatArray,0
13.6337,128184722,Greedy_FlatArray,0
14.8693,125719334,Greedy_FlatArray,0
15.8832,125998594,Greedy_FlatArray,0
22.4674,128527186,Greedy_FlatArray,0
12.8568,126670502,Greedy_FlatArray,0
14.913,126692010,Greedy_FlatArray,0
16.8808,126143291,Greedy_FlatArray,0
21.3293,126521623,Greedy_FlatArray,0
34.5621,127385980,Greedy_FlatArray,0
22.0714,129818157,Greedy_FlatArray,0
9.9286,129835614,Greedy_FlatArray,0
28.5636,126931011,Greedy_FlatArray,0
16.9318,128164588,Greedy_FlatArray,0
17.6626,129854801,Greedy_FlatArray,0
15.253,128297938,Greedy_FlatArray,0
19.9891,127780746,Greedy_FlatArray,0
13.3163,128514266,Greedy_FlatArray,0
17.9892,128675256,Greedy_FlatArray,0
15.5928,128742562,Greedy_FlatArray,0
17.4516,128517222,Greedy_FlatArray,0
15.628,128770432,Greedy_FlatArray,0
17.8795,128983613,Greedy_FlatArray,0
15.3105,129105597,Greedy_FlatArray,0
16.8133,129232471,Greedy_FlatArray,0
17.2,128857923,Greedy_FlatArray,0
19.1206,129845825,Greedy_FlatArray,0
14.8876,131796860,Greedy_FlatArray,0
16.4432,129398904,Greedy_FlatArray,0
15.4981,129610810,Greedy_FlatArray,0
18.3447,129549683,Greedy_FlatArray,0
15.1694,129849961,Greedy_FlatArray,0
17.7464,129824571,Greedy_FlatArray,0
15.3608,130092573,Greedy_FlatArray,0
18.1753,130030663,Greedy_FlatArray,0
15.4189,130232251,Greedy_FlatArray,0
17.9892,130025687,Greedy_FlatArray,0
16.5491,130695728,Greedy_FlatArray,0
17.3984,131035382,Greedy_FlatArray,0
14.6228,131089752,Greedy_FlatArray,0
21.7979,130559710,Greedy_FlatArray,0
11.9867,131278662,Greedy_FlatArray,0
17.3634,133640622,Greedy_FlatArray,0
15.4938,131050448,Greedy_FlatArray,0
16.8966,131447898,Greedy_FlatArray,0
17.6525,131335312,Greedy_FlatArray,0
15.5991,132324370,Greedy_FlatArray,0
20.0138,131633296,Greedy_FlatArray,0
30.3171,132028936,Greedy_FlatArray,0
17.7945,132282064,Greedy_FlatArray,0
16.1803,132165348,Greedy_FlatArray,0
15.4004,130974251,Greedy_FlatArray,0
18.4437,132452624,Greedy_FlatArray,0
26.9763,133155792,Greedy_FlatArray,0
14.8985,132641844,Greedy_FlatArray,0
20.236,133291092,Greedy_FlatArray,0
21.3649,135816206,Greedy_FlatArray,0
14.7166,133308504,Greedy_FlatArray,0
16.5877,133571192,Greedy_FlatArray,0
17.4896,133515568,Greedy_FlatArray,0
16.3323,134277933,Greedy_FlatArray,0
20.6889,132159603,Greedy_FlatArray,0
12.1771,134613210,Greedy_FlatArray,0
17.7003,136737682,Greedy_FlatArray,0
15.8586,135269049,Greedy_FlatArray,0
25.285,134495463,Greedy_FlatArray,0
13.5189,135065999,Greedy_FlatArray,0
17.8286,137664180,Greedy_FlatArray,0
10.8514,135606701,Greedy_FlatArray,0
15.7064,135146449,Greedy_FlatArray,0
17.19,135345345,Greedy_FlatArray,0
17.3435,135400321,Greedy_FlatArray,0
15.7167,135664488,Greedy_FlatArray,0
17.0008,135650176,Greedy_FlatArray,0
15.9174,135922401,Greedy_FlatArray,0
17.2401,133832475,Greedy_FlatArray,0
16.6994,136369308,Greedy_FlatArray,0
28.2605,136180574,Greedy_FlatArray,0
11.3667,136690100,Greedy_FlatArray,0
10.9259,139203983,Greedy_FlatArray,0
16.4111,139023955,Greedy_FlatArray,0
15.7398,134544671,Greedy_FlatArray,0
20.4832,137245044,Greedy_FlatArray,0
14.0459,139729153,Greedy_FlatArray,0
15.9364,137219804,Greedy_FlatArray,0
16.8282,137558942,Greedy_FlatArray,0
20.0892,135216911,Greedy_FlatArray,0
15.3093,136120014,Greedy_FlatArray,0
15.4615,138310450,Greedy_FlatArray,0
15.5104,136182852,Greedy_FlatArray,0
17.1153,136038151,Greedy_FlatArray,0
17.6204,136932616,Greedy_FlatArray,0
16.1151,136314988,Greedy_FlatArray,0
21.719,137143484,Greedy_FlatArray,0
11.8924,139212559,Greedy_FlatArray,0
15.6534,137211980,Greedy_FlatArray,0
16.4466,137266516,Greedy_FlatArray,0
16.9928,137154968,Greedy_FlatArray,0
20.3489,137969578,Greedy_FlatArray,0
13.8614,140354458,Greedy_FlatArray,0
16.3886,137727910,Greedy_FlatArray,0
16.1699,137908280,Greedy_FlatArray,0
17.7881,138805658,Greedy_FlatArray,0
15.7043,138239036,Greedy_FlatArray,0
16.341,138422225,Greedy_FlatArray,0
16.2097,138638715,Greedy_FlatArray,0
18.9993,138872373,Greedy_FlatArray,0
16.1242,138804985,Greedy_FlatArray,0
16.7264,141673700,Greedy_FlatArray,0
16.3704,141654978,Greedy_FlatArray,0
26.1378,139406878,Greedy_FlatArray,0
8.176101,142355525,Greedy_FlatArray,0
15.0348,142101973,Greedy_FlatArray,0
16.1,140204251,Greedy_FlatArray,0
16.3212,138937071,Greedy_FlatArray,0
20.0088,140223390,Greedy_FlatArray,0
15.2679,142354631,Greedy_FlatArray,0
14.6578,140271830,Greedy_FlatArray,0
17.134,139160035,Greedy_FlatArray,0
16.1977,140715742,Greedy_FlatArray,0
17.9425,142958335,Greedy_FlatArray,0
15.6534,140401970,Greedy_FlatArray,0
16.4274,140482478,Greedy_FlatArray,0
17.0018,140642926,Greedy_FlatArray,0
17.1908,140829278,Greedy_FlatArray,0
17.2933,143639253,Greedy_FlatArray,0
16.2771,141039214,Greedy_FlatArray,0
17.044,141337622,Greedy_FlatArray,0
16.296,141375190,Greedy_FlatArray,0
16.0042,141540832,Greedy_FlatArray,0
16.7779,141617602,Greedy_FlatArray,0
16.2557,141846072,Greedy_FlatArray,0
17.0991,141967750,Greedy_FlatArray,0
17.041,142180000,Greedy_FlatArray,0
15.7833,142294050,Greedy_FlatArray,0
17.3931,141356285,Greedy_FlatArray,0
16.1222,141441661,Greedy_FlatArray,0
16.9746,141579846,Greedy_FlatArray,0
16.1937,141782232,Greedy_FlatArray,0
17.2876,141914194,Greedy_FlatArray,0
16.1672,142045852,Greedy_FlatArray,0
17.7119,142085882,Greedy_FlatArray,0
16.2092,142289708,Greedy_FlatArray,0
17.908,142261688,Greedy_FlatArray,0
16.4952,142663794,Greedy_FlatArray,0
16.0355,143266040,Greedy_FlatArray,0
15.4567,142806384,Greedy_FlatArray,0
18.8471,142702948,Greedy_FlatArray,0
14.4346,143009448,Greedy_FlatArray,0
17.324,142892852,Greedy_FlatArray,0
17.1958,143151496,Greedy_FlatArray,0
20.544,143032712,Greedy_FlatArray,0
12.1526,143317516,Greedy_FlatArray,0
17.7008,146213228,Greedy_FlatArray,0
16.6337,143440518,Greedy_FlatArray,0
16.1256,146425395,Greedy_FlatArray,0
17.2079,143586598,Greedy_FlatArray,0
16.008,143694742,Greedy_FlatArray,0
25.5631,144654271,Greedy_FlatArray,0
10.4552,147015505,Greedy_FlatArray,0
30.573,143717136,Greedy_FlatArray,0
16.4878,144531170,Greedy_FlatArray,0
17.8664,146995949,Greedy_FlatArray,0
14.7927,144603014,Greedy_FlatArray,0
23.598,143468847,Greedy_FlatArray,0
13.5781,144919178,Greedy_FlatArray,0
14.4019,147711644,Greedy_FlatArray,0
16.3207,147498471,Greedy_FlatArray,0
15.9024,145049050,Greedy_FlatArray,0
17.7306,145692940,Greedy_FlatArray,0
15.1861,145253402,Greedy_FlatArray,0
17.9667,145799704,Greedy_FlatArray,0
15.2599,145364630,Greedy_FlatArray,0
18.1867,148254319,Greedy_FlatArray,0
17.7939,145486084,Greedy_FlatArray,0
15.2717,145480992,Greedy_FlatArray,0
16.7233,144446655,Greedy_FlatArray,0
19.1683,146235634,Greedy_FlatArray,0
14.0988,147909183,Greedy_FlatArray,0
16.5784,146902175,Greedy_FlatArray,0
18.8427,146088526,Greedy_FlatArray,0
14.9619,147067458,Greedy_FlatArray,0
16.3136,146283110,Greedy_FlatArray,0
17.1327,145075991,Greedy_FlatArray,0
23.3498,146584490,Greedy_FlatArray,0
10.6522,148698262,Greedy_FlatArray,0
15.6641,147234098,Greedy_FlatArray,0
15.5834,146879394,Greedy_FlatArray,0
17.7104,148773918,Greedy_FlatArray,0
15.6557,147050524,Greedy_FlatArray,0
16.7218,147108186,Greedy_FlatArray,0
16.464,147323298,Greedy_FlatArray,0
16.7485,147297846,Greedy_FlatArray,0
18.5121,147369186,Greedy_FlatArray,0
15.41,147620490,Greedy_FlatArray,0
16.4182,147701074,Greedy_FlatArray,0
19.7464,147781602,Greedy_FlatArray,0
13.8484,147833290,Greedy_FlatArray,0
15.8648,148059022,Greedy_FlatArray,0
16.9793,148133542,Greedy_FlatArray,0
16.7001,148288328,Greedy_FlatArray,0
16.9949,148425014,Greedy_FlatArray,0
16.1115,148517732,Greedy_FlatArray,0
19.1345,148553952,Greedy_FlatArray,0
15.7053,148867164,Greedy_FlatArray,0
16.8796,148829504,Greedy_FlatArray,0
26.6106,149993153,Greedy_FlatArray,0
23.183,149080320,Greedy_FlatArray,0
15.4497,151372970,Greedy_FlatArray,0
17.3896,149059968,Greedy_FlatArray,0
20.7743,149573548,Greedy_FlatArray,0
13.4106,151369205,Greedy_FlatArray,0
14.6945,149607420,Greedy_FlatArray,0
16.6632,149676192,Greedy_FlatArray,0
16.5036,150979165,Greedy_FlatArray,0
16.6475,150611204,Greedy_FlatArray,0
16.6615,149925162,Greedy_FlatArray,0
16.8767,150905119,Greedy_FlatArray,0
17.2973,148098219,Greedy_FlatArray,0
18.9628,150527290,Greedy_FlatArray,0
15.0288,152124112,Greedy_FlatArray,0
15.173,150378592,Greedy_FlatArray,0
16.6587,150111662,Greedy_FlatArray,0
17.1627,150738290,Greedy_FlatArray,0
18.2689,151344459,Greedy_FlatArray,0
15.0632,150990598,Greedy_FlatArray,0
17.5243,151637262,Greedy_FlatArray,0
15.5631,150641754,Greedy_FlatArray,0
20.4935,151148566,Greedy_FlatArray,0
13.6439,153115574,Greedy_FlatArray,0
15.6414,151238312,Greedy_FlatArray,0
17.2586,151130106,Greedy_FlatArray,0
15.9061,152313430,Greedy_FlatArray,0
17.7744,152219250,Greedy_FlatArray,0
15.5303,151358164,Greedy_FlatArray,0
16.9278,151207286,Greedy_FlatArray,0
16.7979,151368108,Greedy_FlatArray,0
16.4091,151515440,Greedy_FlatArray,0
16.8498,151560296,Greedy_FlatArray,0
17.746,151601404,Greedy_FlatArray,0
15.3173,152805614,Greedy_FlatArray,0
16.8928,151939400,Greedy_FlatArray,0
16.5739,152044270,Greedy_FlatArray,0
17.2141,153322588,Greedy_FlatArray,0
16.1682,152483842,Greedy_FlatArray,0
16.7736,152338776,Greedy_FlatArray,0
16.4164,150099811,Greedy_FlatArray,0
16.773,152843382,Greedy_FlatArray,0
18.845,154333469,Greedy_FlatArray,0
14.2659,152817064,Greedy_FlatArray,0
17.888,153261189,Greedy_FlatArray,0
15.8167,152444576,Greedy_FlatArray,0
19.7977,153004934,Greedy_FlatArray,0
14.4079,155082443,Greedy_FlatArray,0
15.6451,153099610,Greedy_FlatArray,0
16.6305,151929992,Greedy_FlatArray,0
17.0108,151086629,Greedy_FlatArray,0
17.0108,150858963,Greedy_FlatArray,0
15.9553,151247553,Greedy_FlatArray,0
17.5547,151078727,Greedy_FlatArray,0
15.7679,151371031,Greedy_FlatArray,0
16.4489,152309559,Greedy_FlatArray,0
16.7684,151450735,Greedy_FlatArray,0
17.0239,152395633,Greedy_FlatArray,0
16.567,151534063,Greedy_FlatArray,0
16.3552,152495548,Greedy_FlatArray,0
18.6782,151688467,Greedy_FlatArray,0
15.0709,151511031,Greedy_FlatArray,0
16.6657,151771719,Greedy_FlatArray,0
16.4871,151553519,Greedy_FlatArray,0
16.7404,151819475,Greedy_FlatArray,0
16.3272,151616851,Greedy_FlatArray,0
16.9033,151877743,Greedy_FlatArray,0
17.0651,151679911,Greedy_FlatArray,0
18.1626,151505135,Greedy_FlatArray,0
15.3308,152187481,Greedy_FlatArray,0
18.3775,154299351,Greedy_FlatArray,0
14.2918,152174809,Greedy_FlatArray,0
16.6572,178286527,Greedy_FlatArray,1
705.0395,179385721,Greedy_FlatArray,1
15.0075,179630358,Greedy_FlatArray,1
46.7837,178286443,Greedy_FlatArray,1
49.9977,179690702,Greedy_FlatArray,1
33.1669,178286467,Greedy_FlatArray,1
49.8404,179641170,Greedy_FlatArray,1
16.6814,179488810,Greedy_FlatArray,1
17.1353,179696200,Greedy_FlatArray,1
16.6475,179487516,Greedy_FlatArray,1
16.6914,179748386,Greedy_FlatArray,1
16.6811,179500810,Greedy_FlatArray,1
19.7854,178288219,Greedy_FlatArray,1
13.5823,178287007,Greedy_FlatArray,1
16.6236,179699622,Greedy_FlatArray,1
16.8549,179648542,Greedy_FlatArray,1
16.8797,179739909,Greedy_FlatArray,1
16.4515,179606340,Greedy_FlatArray,1
16.4105,179651262,Greedy_FlatArray,1
16.8282,178287095,Greedy_FlatArray,1
16.4368,179903405,Greedy_FlatArray,1
16.7354,179657993,Greedy_FlatArray,1
16.6503,179943003,Greedy_FlatArray,1
16.5469,178275383,Greedy_FlatArray,1
16.8144,178299787,Greedy_FlatArray,1
16.6417,179948455,Greedy_FlatArray,1
16.7107,179742242,Greedy_FlatArray,1
16.6544,178286999,Greedy_FlatArray,1
16.7974,180036773,Greedy_FlatArray,1
16.4426,178275359,Greedy_FlatArray,1
16.8148,178299459,Greedy_FlatArray,1
16.5664,179900582,Greedy_FlatArray,1
16.5929,179845937,Greedy_FlatArray,1
16.6861,178298639,Greedy_FlatArray,1
16.7044,180125731,Greedy_FlatArray,1
16.4947,179889919,Greedy_FlatArray,1
16.8096,180150789,Greedy_FlatArray,1
16.6127,178286879,Greedy_FlatArray,1
16.619,178298323,Greedy_FlatArray,1
16.6926,180176876,Greedy_FlatArray,1
16.7756,179957844,Greedy_FlatArray,1
16.7227,178298463,Greedy_FlatArray,1
16.5067,180205538,Greedy_FlatArray,1
16.7407,178300423,Greedy_FlatArray,1
16.4842,180238954,Greedy_FlatArray,1
16.7974,180043022,Greedy_FlatArray,1
16.6482,180274028,Greedy_FlatArray,1
16.7202,178286519,Greedy_FlatArray,1
16.691,180075171,Greedy_FlatArray,1
16.5399,180323138,Greedy_FlatArray,1
16.7703,180100337,Greedy_FlatArray,1
16.5021,180361111,Greedy_FlatArray,1
16.9098,178299275,Greedy_FlatArray,1
16.5369,180355229,Greedy_FlatArray,1
16.6173,180148721,Greedy_FlatArray,1
16.8742,178286423,Greedy_FlatArray,1
16.514,178298139,Greedy_FlatArray,1
16.5862,180433965,Greedy_FlatArray,1
16.8042,180213893,Greedy_FlatArray,1
16.6985,180437053,Greedy_FlatArray,1
16.7906,180239853,Greedy_FlatArray,1
16.5555,180483383,Greedy_FlatArray,1
16.4366,180274927,Greedy_FlatArray,1
16.7734,180491295,Greedy_FlatArray,1
16.4962,180285827,Greedy_FlatArray,1
16.8388,178298031,Greedy_FlatArray,1
16.5472,180566268,Greedy_FlatArray,1
16.8218,180330552,Greedy_FlatArray,1
16.4399,178298043,Greedy_FlatArray,1
16.8569,178299071,Greedy_FlatArray,1
16.789,180592379,Greedy_FlatArray,1
16.483,180421627,Greedy_FlatArray,1
16.6472,178297835,Greedy_FlatArray,1
16.7497,178298975,Greedy_FlatArray,1
16.6226,178298067,Greedy_FlatArray,1
16.9145,178592071,Greedy_FlatArray,1
16.4729,178409835,Greedy_FlatArray,1
16.5139,178413479,Greedy_FlatArray,1
16.7325,178313351,Greedy_FlatArray,1
16.7943,178290099,Greedy_FlatArray,1
16.5242,178746524,Greedy_FlatArray,1
16.7597,178495994,Greedy_FlatArray,1
16.5362,178810051,Greedy_FlatArray,1
16.791,178559641,Greedy_FlatArray,1
16.514,178869598,Greedy_FlatArray,1
16.6964,178365119,Greedy_FlatArray,1
16.8507,178388111,Greedy_FlatArray,1
16.5635,178889282,Greedy_FlatArray,1
16.5583,178376471,Greedy_FlatArray,1
16.7627,178912971,Greedy_FlatArray,1
16.5881,178667639,Greedy_FlatArray,1
16.8955,178937044,Greedy_FlatArray,1
16.482,178703716,Greedy_FlatArray,1
16.7255,178923918,Greedy_FlatArray,1
16.5901,178752126,Greedy_FlatArray,1
16.6577,178947116,Greedy_FlatArray,1
16.6492,178752092,Greedy_FlatArray,1
17.062,178376219,Greedy_FlatArray,1
16.2824,179014158,Greedy_FlatArray,1
16.8729,178796310,Greedy_FlatArray,1
16.4152,179050025,Greedy_FlatArray,1
16.8828,178869385,Greedy_FlatArray,1
16.3982,179172245,Greedy_FlatArray,1
16.8492,179072777,Greedy_FlatArray,1
16.5975,179333472,Greedy_FlatArray,1
16.8091,179115230,Greedy_FlatArray,1
16.6041,179387405,Greedy_FlatArray,1
16.6959,179170209,Greedy_FlatArray,1
16.3912,179466423,Greedy_FlatArray,1
16.938,179212765,Greedy_FlatArray,1
71.61069,178748299,Greedy_FlatArray,1
16.8419,179535708,Greedy_FlatArray,1
11.0013,178747203,Greedy_FlatArray,1
16.8977,179558704,Greedy_FlatArray,1
17.1265,179396110,Greedy_FlatArray,1
16.4466,179597856,Greedy_FlatArray,1
16.4769,179398054,Greedy_FlatArray,1
16.7871,179677494,Greedy_FlatArray,1
16.53,179430482,Greedy_FlatArray,1
16.686,179464294,Greedy_FlatArray,1
16.8154,178787567,Greedy_FlatArray,1
16.6753,179728413,Greedy_FlatArray,1
16.4891,178776071,Greedy_FlatArray,1
16.7218,179764539,Greedy_FlatArray,1
17.0213,179519783,Greedy_FlatArray,1
16.3631,178775835,Greedy_FlatArray,1
16.7177,179797360,Greedy_FlatArray,1
16.6746,179589944,Greedy_FlatArray,1
16.5909,179628482,Greedy_FlatArray,1
16.7901,179781922,Greedy_FlatArray,1
16.5308,179691346,Greedy_FlatArray,1
16.7828,179951198,Greedy_FlatArray,1
16.7331,180165792,Greedy_FlatArray,1
16.5233,179858832,Greedy_FlatArray,1
16.6192,180085756,Greedy_FlatArray,1
16.5602,179083875,Greedy_FlatArray,1
16.8222,179963796,Greedy_FlatArray,1
16.5281,180250340,Greedy_FlatArray,1
17.2252,180058120,Greedy_FlatArray,1
16.3298,180267839,Greedy_FlatArray,1
16.3819,180105699,Greedy_FlatArray,1
16.8278,180304120,Greedy_FlatArray,1
16.5679,180110340,Greedy_FlatArray,1
16.7812,180377535,Greedy_FlatArray,1
16.7398,180119773,Greedy_FlatArray,1
16.6039,180398256,Greedy_FlatArray,1
16.5962,179097916,Greedy_FlatArray,1
16.8245,179081175,Greedy_FlatArray,1
16.5986,179344251,Greedy_FlatArray,1
16.464,179150171,Greedy_FlatArray,1
16.7822,179080635,Greedy_FlatArray,1
16.534,179417700,Greedy_FlatArray,1
17.1625,179070035,Greedy_FlatArray,1
16.2773,179080439,Greedy_FlatArray,1
16.5126,179079471,Greedy_FlatArray,1
16.8102,179468890,Greedy_FlatArray,1
16.6206,179261342,Greedy_FlatArray,1
16.6287,179503441,Greedy_FlatArray,1
16.8641,179055515,Greedy_FlatArray,1
16.5445,179554086,Greedy_FlatArray,1
16.666,179057443,Greedy_FlatArray,1
16.5185,179586562,Greedy_FlatArray,1
16.8921,179057371,Greedy_FlatArray,1
16.4686,179609873,Greedy_FlatArray,1
16.7298,179057507,Greedy_FlatArray,1
16.576,179460674,Greedy_FlatArray,1
17.5062,179693571,Greedy_FlatArray,1
15.892,179658503,Greedy_FlatArray,1
16.7335,180024934,Greedy_FlatArray,1
16.6498,179848300,Greedy_FlatArray,1
16.6578,179854682,Greedy_FlatArray,1
18.9776,180057944,Greedy_FlatArray,1
14.0429,180184954,Greedy_FlatArray,1
16.8525,180307051,Greedy_FlatArray,1
16.9941,179743407,Greedy_FlatArray,1
16.5101,180418598,Greedy_FlatArray,1
16.5928,180268190,Greedy_FlatArray,1
16.6944,180377952,Greedy_FlatArray,1
16.6802,179714327,Greedy_FlatArray,1
16.4729,179727095,Greedy_FlatArray,1
16.8396,180343028,Greedy_FlatArray,1
16.5059,180551961,Greedy_FlatArray,1
16.8161,180342585,Greedy_FlatArray,1
16.6836,179762659,Greedy_FlatArray,1
16.6549,180548717,Greedy_FlatArray,1
16.5156,180462392,Greedy_FlatArray,1
16.7648,180575791,Greedy_FlatArray,1
16.6662,180428266,Greedy_FlatArray,1
16.7216,180658344,Greedy_FlatArray,1
16.8348,180487068,Greedy_FlatArray,1
16.587,179777279,Greedy_FlatArray,1
16.3619,180592983,Greedy_FlatArray,1
16.8962,180676897,Greedy_FlatArray,1
16.659,180601677,Greedy_FlatArray,1
16.5218,180711983,Greedy_FlatArray,1
16.8299,179786971,Greedy_FlatArray,1
16.5527,180582758,Greedy_FlatArray,1
17.0731,180618276,Greedy_FlatArray,1
16.4888,180672064,Greedy_FlatArray,1
16.3129,180877892,Greedy_FlatArray,1
16.7915,180762308,Greedy_FlatArray,1
16.6369,181025369,Greedy_FlatArray,1
16.8328,180993287,Greedy_FlatArray,1
16.5789,181143788,Greedy_FlatArray,1
16.7692,181168822,Greedy_FlatArray,1
16.6655,181571916,Greedy_FlatArray,1
16.4238,181459517,Greedy_FlatArray,1
16.8103,181562813,Greedy_FlatArray,1
16.4447,181551659,Greedy_FlatArray,1
16.8067,181808003,Greedy_FlatArray,1
16.7386,181974825,Greedy_FlatArray,1
16.7787,182080199,Greedy_FlatArray,1
16.3696,181991345,Greedy_FlatArray,1
16.8587,182264795,Greedy_FlatArray,1
16.5048,181989099,Greedy_FlatArray,1
16.7556,182330014,Greedy_FlatArray,1
16.5911,182001860,Greedy_FlatArray,1
16.7869,182309901,Greedy_FlatArray,1
16.5823,180885231,Greedy_FlatArray,1
16.6907,182331003,Greedy_FlatArray,1
16.5216,182113007,Greedy_FlatArray,1
16.7209,182413308,Greedy_FlatArray,1
16.7818,182202286,Greedy_FlatArray,1
16.5156,182515367,Greedy_FlatArray,1
16.9098,182230599,Greedy_FlatArray,1
16.5741,182434098,Greedy_FlatArray,1
16.5611,181177891,Greedy_FlatArray,1
16.9019,182476635,Greedy_FlatArray,1
16.5436,182532160,Greedy_FlatArray,1
16.54,182783167,Greedy_FlatArray,1
16.6692,181196595,Greedy_FlatArray,1
16.7018,182813751,Greedy_FlatArray,1
16.5423,182550775,Greedy_FlatArray,1
16.6069,182821211,Greedy_FlatArray,1
17.1293,181195563,Greedy_FlatArray,1
16.3978,182854205,Greedy_FlatArray,1
16.6079,182597725,Greedy_FlatArray,1
16.8602,182863804,Greedy_FlatArray,1
16.3732,182632360,Greedy_FlatArray,1
16.7187,182887650,Greedy_FlatArray,1
16.7691,182686432,Greedy_FlatArray,1
16.5731,182909324,Greedy_FlatArray,1
16.7062,182740952,Greedy_FlatArray,1
16.7132,182934584,Greedy_FlatArray,1
16.4604,182765900,Greedy_FlatArray,1
16.9202,183076942,Greedy_FlatArray,1
17.85,183187722,Greedy_FlatArray,1
15.4634,183037392,Greedy_FlatArray,1
16.4645,183491888,Greedy_FlatArray,1
16.8618,183259154,Greedy_FlatArray,1
16.5356,183669455,Greedy_FlatArray,1
17.1327,183533917,Greedy_FlatArray,1
16.2655,183603792,Greedy_FlatArray,1
16.6476,183556904,Greedy_FlatArray,1
16.7959,183749457,Greedy_FlatArray,1
17.3793,183817949,Greedy_FlatArray,1
16.2325,182177247,Greedy_FlatArray,1
16.2675,184428384,Greedy_FlatArray,1
16.8708,184569988,Greedy_FlatArray,1
18.3695,184813604,Greedy_FlatArray,1
14.3592,184583240,Greedy_FlatArray,1
17.1309,184950547,Greedy_FlatArray,1
16.5197,182824387,Greedy_FlatArray,1
16.5894,184901430,Greedy_FlatArray,1
16.8355,184758602,Greedy_FlatArray,1
16.4427,185069887,Greedy_FlatArray,1
16.8945,184909449,Greedy_FlatArray,1
16.67,185475874,Greedy_FlatArray,1
16.9663,185137948,Greedy_FlatArray,1
16.1504,185726894,Greedy_FlatArray,1
17.6021,185443684,Greedy_FlatArray,1
15.7307,185657050,Greedy_FlatArray,1
16.6975,185402136,Greedy_FlatArray,1
16.7855,185673567,Greedy_FlatArray,1
16.4868,185495173,Greedy_FlatArray,1
16.6937,185525671,Greedy_FlatArray,1
16.7596,183483127,Greedy_FlatArray,1
16.5558,185787285,Greedy_FlatArray,1
16.6727,185575279,Greedy_FlatArray,1
16.8558,183501987,Greedy_FlatArray,1
16.4224,183564205,Greedy_FlatArray,1
16.7914,183751221,Greedy_FlatArray,1
16.8229,183600879,Greedy_FlatArray,1
16.4432,183802517,Greedy_FlatArray,1
16.6306,183582037,Greedy_FlatArray,1
16.954,183837215,Greedy_FlatArray,1
16.4048,183624769,Greedy_FlatArray,1
16.616,183754723,Greedy_FlatArray,1
16.9444,183727133,Greedy_FlatArray,1
16.4033,184090253,Greedy_FlatArray,1
16.8246,183615719,Greedy_FlatArray,1
16.6069,184268983,Greedy_FlatArray,1
16.6453,183980193,Greedy_FlatArray,1
16.678,184376178,Greedy_FlatArray,1
16.7286,184207154,Greedy_FlatArray,1
16.7092,184612437,Greedy_FlatArray,1
16.9855,184522789,Greedy_FlatArray,1
16.3561,184828896,Greedy_FlatArray,1
16.9911,184700874,Greedy_FlatArray,1
16.1438,184906623,Greedy_FlatArray,1
16.9444,184830777,Greedy_FlatArray,1
16.4686,185052219,Greedy_FlatArray,1
16.6619,184466055,Greedy_FlatArray,1
16.6338,185155252,Greedy_FlatArray,1
17.6271,185325171,Greedy_FlatArray,1
15.3992,185143823,Greedy_FlatArray,1
17.1622,185423440,Greedy_FlatArray,1
17.5625,185454220,Greedy_FlatArray,1
15.7162,185599597,Greedy_FlatArray,1
16.5118,185484449,Greedy_FlatArray,1
16.834,185548947,Greedy_FlatArray,1
19.1311,185742254,Greedy_FlatArray,1
14.3197,184981211,Greedy_FlatArray,1
16.5617,185812587,Greedy_FlatArray,1
16.3463,185750721,Greedy_FlatArray,1
16.9704,186084181,Greedy_FlatArray,1
16.5242,185150275,Greedy_FlatArray,1
16.5625,186377078,Greedy_FlatArray,1
18.0369,187967019,Greedy_FlatArray,1
16.0849,186287192,Greedy_FlatArray,1
16.0038,186341131,Greedy_FlatArray,1
16.7178,186323979,Greedy_FlatArray,1
16.6385,186324155,Greedy_FlatArray,1
16.3952,185494707,Greedy_FlatArray,1
16.9877,186297885,Greedy_FlatArray,1
16.4117,186515288,Greedy_FlatArray,1
16.7365,186354412,Greedy_FlatArray,1
16.7221,186343960,Greedy_FlatArray,1
16.5968,186378854,Greedy_FlatArray,1
16.5575,186578118,Greedy_FlatArray,1
16.9925,186383858,Greedy_FlatArray,1
16.3768,186566969,Greedy_FlatArray,1
16.6941,185495467,Greedy_FlatArray,1
16.88,185486047,Greedy_FlatArray,1
16.8925,186459497,Greedy_FlatArray,1
20.1007,186760931,Greedy_FlatArray,1
14.8902,186551669,Greedy_FlatArray,1
14.4882,186922832,Greedy_FlatArray,1
16.683,185615515,Greedy_FlatArray,1
17.0067,187323201,Greedy_FlatArray,1
17.1009,187117571,Greedy_FlatArray,1
15.8959,186549502,Greedy_FlatArray,1
22.4219,186778941,Greedy_FlatArray,1
11.5987,186628387,Greedy_FlatArray,1
15.7334,186875703,Greedy_FlatArray,1
17.3864,186694271,Greedy_FlatArray,1
16.5842,187220017,Greedy_FlatArray,1
18.0837,186988189,Greedy_FlatArray,1
15.0536,187368759,Greedy_FlatArray,1
17.5378,189104425,Greedy_FlatArray,1
16.5198,187527412,Greedy_FlatArray,1
16.883,187809590,Greedy_FlatArray,1
16.656,187520284,Greedy_FlatArray,1
15.6274,187872123,Greedy_FlatArray,1
17.674,188191414,Greedy_FlatArray,1
16.3158,187839257,Greedy_FlatArray,1
15.6757,187937476,Greedy_FlatArray,1
16.9936,187936252,Greedy_FlatArray,1
16.8024,188001261,Greedy_FlatArray,1
16.4022,188249613,Greedy_FlatArray,1
16.8715,188259897,Greedy_FlatArray,1
16.4275,188436269,Greedy_FlatArray,1
16.8398,188164887,Greedy_FlatArray,1
16.664,188488269,Greedy_FlatArray,1
16.6457,187814295,Greedy_FlatArray,1
16.629,188450766,Greedy_FlatArray,1
16.5707,188361970,Greedy_FlatArray,1
16.6342,188411334,Greedy_FlatArray,1
16.6962,188439338,Greedy_FlatArray,1
16.8721,188628710,Greedy_FlatArray,1
16.6252,188539846,Greedy_FlatArray,1
16.4448,188759966,Greedy_FlatArray,1
17.1391,188589366,Greedy_FlatArray,1
16.5567,188863532,Greedy_FlatArray,1
16.4323,188644956,Greedy_FlatArray,1
16.6901,188665222,Greedy_FlatArray,1
17.0726,188901567,Greedy_FlatArray,1
16.0587,188661143,Greedy_FlatArray,1
16.888,188820091,Greedy_FlatArray,1
16.4946,188771079,Greedy_FlatArray,1
16.7303,187985839,Greedy_FlatArray,1
16.9122,188933858,Greedy_FlatArray,1
16.3955,188790449,Greedy_FlatArray,1
16.5848,188984021,Greedy_FlatArray,1
16.6689,188866461,Greedy_FlatArray,1
16.7045,189013873,Greedy_FlatArray,1
16.7655,188928621,Greedy_FlatArray,1
16.7242,189085375,Greedy_FlatArray,1
19.5152,189315848,Greedy_FlatArray,1
13.356,189173410,Greedy_FlatArray,1
17.1401,189608550,Greedy_FlatArray,1
16.9172,189516382,Greedy_FlatArray,1
16.2463,189799070,Greedy_FlatArray,1
17.6176,190112246,Greedy_FlatArray,1
17.3626,191756103,Greedy_FlatArray,1
15.6938,190342188,Greedy_FlatArray,1
16.7594,190287968,Greedy_FlatArray,1
16.3573,190658996,Greedy_FlatArray,1
17.5942,192111627,Greedy_FlatArray,1
15.2556,190751264,Greedy_FlatArray,1
18.3997,190942882,Greedy_FlatArray,1
15.4955,190578400,Greedy_FlatArray,1
16.3981,190900774,Greedy_FlatArray,1
23.8119,191046740,Greedy_FlatArray,1
10.0507,191556139,Greedy_FlatArray,1
15.9761,191107607,Greedy_FlatArray,1
16.2073,191553577,Greedy_FlatArray,1
17.2302,191532797,Greedy_FlatArray,1
16.8467,190181655,Greedy_FlatArray,1
25.6353,192177786,Greedy_FlatArray,1
10.951,193672844,Greedy_FlatArray,1
14.0148,192037203,Greedy_FlatArray,1
15.8769,191915712,Greedy_FlatArray,1
16.0772,192038122,Greedy_FlatArray,1
17.4535,191936458,Greedy_FlatArray,1
16.2902,191948127,Greedy_FlatArray,1
16.4878,192084298,Greedy_FlatArray,1
16.966,191983297,Greedy_FlatArray,1
16.5781,192206781,Greedy_FlatArray,1
20.5855,192435393,Greedy_FlatArray,1
12.2208,192289937,Greedy_FlatArray,1
17.2863,192534320,Greedy_FlatArray,1
16.8933,190749855,Greedy_FlatArray,1
16.4127,192457572,Greedy_FlatArray,1
16.5051,192465637,Greedy_FlatArray,1
16.6305,190829271,Greedy_FlatArray,1
16.9485,190815195,Greedy_FlatArray,1
16.3661,192688045,Greedy_FlatArray,1
16.7162,192490033,Greedy_FlatArray,1
16.6781,192726339,Greedy_FlatArray,1
16.6182,192588305,Greedy_FlatArray,1
16.6,192594645,Greedy_FlatArray,1
17.2823,190980471,Greedy_FlatArray,1
20.5672,192827677,Greedy_FlatArray,1
13.7795,193093789,Greedy_FlatArray,1
14.954,191111495,Greedy_FlatArray,1
16.9158,193039337,Greedy_FlatArray,1
18.847,193153285,Greedy_FlatArray,1
23.5332,193614837,Greedy_FlatArray,1
8.1924,195411270,Greedy_FlatArray,1
16.6407,195212129,Greedy_FlatArray,1
16.4063,193891059,Greedy_FlatArray,1
16.8723,193765683,Greedy_FlatArray,1
15.781,193956871,Greedy_FlatArray,1
20.3309,194108767,Greedy_FlatArray,1
22.7987,194674529,Greedy_FlatArray,1
12.0991,196259642,Greedy_FlatArray,1
12.6963,196541433,Greedy_FlatArray,1
16.2736,196476936,Greedy_FlatArray,1
16.3781,192826475,Greedy_FlatArray,1
17.7311,192595131,Greedy_FlatArray,1
19.8374,193548396,Greedy_FlatArray,1
12.9547,195007494,Greedy_FlatArray,1
15.4219,193324586,Greedy_FlatArray,1
16.676,193077539,Greedy_FlatArray,1
22.8003,193991040,Greedy_FlatArray,1
11.7901,195686600,Greedy_FlatArray,1
16.4094,193880607,Greedy_FlatArray,1
16.4206,193923709,Greedy_FlatArray,1
15.9024,193933490,Greedy_FlatArray,1
17.4234,193601635,Greedy_FlatArray,1
17.3067,194253120,Greedy_FlatArray,1
17.0154,194045874,Greedy_FlatArray,1
15.4339,194320396,Greedy_FlatArray,1
16.8779,193673871,Greedy_FlatArray,1
16.7685,194343948,Greedy_FlatArray,1
16.4353,194074328,Greedy_FlatArray,1
16.6262,194378128,Greedy_FlatArray,1
16.746,194173712,Greedy_FlatArray,1
16.5031,194415608,Greedy_FlatArray,1
16.4998,194261666,Greedy_FlatArray,1
16.8345,194620810,Greedy_FlatArray,1
16.5803,194499436,Greedy_FlatArray,1
16.5198,194613754,Greedy_FlatArray,1
16.8702,194778709,Greedy_FlatArray,1
16.5678,194644393,Greedy_FlatArray,1
16.9546,195018206,Greedy_FlatArray,1
16.6892,194787756,Greedy_FlatArray,1
16.5313,194921062,Greedy_FlatArray,1
16.7362,194800252,Greedy_FlatArray,1
16.3254,194829985,Greedy_FlatArray,1
16.801,195105213,Greedy_FlatArray,1
16.6196,194874289,Greedy_FlatArray,1
16.6277,195114059,Greedy_FlatArray,1
16.7026,194670251,Greedy_FlatArray,1
26.3407,195570961,Greedy_FlatArray,1
8.4484,195623981,Greedy_FlatArray,1
15.1301,195927067,Greedy_FlatArray,1
16.875,195891857,Greedy_FlatArray,1
17.7523,196748107,Greedy_FlatArray,1
16.0676,196245837,Greedy_FlatArray,1
15.7664,196563039,Greedy_FlatArray,1
18.3453,196460601,Greedy_FlatArray,1
16.1581,198866182,Greedy_FlatArray,1
16.2453,196666412,Greedy_FlatArray,1
18.9264,199012450,Greedy_FlatArray,1
14.8728,198965397,Greedy_FlatArray,1
16.6328,197131072,Greedy_FlatArray,1
16.9054,197288943,Greedy_FlatArray,1
16.5595,197432451,Greedy_FlatArray,1
16.7097,197485775,Greedy_FlatArray,1
16.9671,197795021,Greedy_FlatArray,1
15.9547,199589793,Greedy_FlatArray,1
16.1061,198056330,Greedy_FlatArray,1
17.5286,196901529,Greedy_FlatArray,1
16.3861,197311158,Greedy_FlatArray,1
16.4405,197170610,Greedy_FlatArray,1
18.735,197139927,Greedy_FlatArray,1
21.4062,197057191,Greedy_FlatArray,1
17.1104,197488255,Greedy_FlatArray,1
9.742399,199393708,Greedy_FlatArray,1
15.9275,197357233,Greedy_FlatArray,1
16.2748,197262837,Greedy_FlatArray,1
16.5647,197508160,Greedy_FlatArray,1
17.0412,197628900,Greedy_FlatArray,1
16.2499,197621064,Greedy_FlatArray,1
17.7318,197760988,Greedy_FlatArray,1
15.738,197685302,Greedy_FlatArray,1
17.0509,197664348,Greedy_FlatArray,1
16.9456,197720290,Greedy_FlatArray,1
16.2089,198045859,Greedy_FlatArray,1
16.7025,197915445,Greedy_FlatArray,1
16.7572,198281112,Greedy_FlatArray,1
17.4252,198233536,Greedy_FlatArray,1
15.77,197953715,Greedy_FlatArray,1
19.4829,198551387,Greedy_FlatArray,1
15.2715,199179842,Greedy_FlatArray,1
15.1869,198602226,Greedy_FlatArray,1
16.3882,198884321,Greedy_FlatArray,1
17.4495,199262434,Greedy_FlatArray,1
15.8595,198843577,Greedy_FlatArray,1
17.1925,199127251,Greedy_FlatArray,1
17.1743,199067557,Greedy_FlatArray,1
15.9201,199371622,Greedy_FlatArray,1
16.9079,198472635,Greedy_FlatArray,1
16.5265,199511230,Greedy_FlatArray,1
17.6449,199407272,Greedy_FlatArray,1
15.9239,199772354,Greedy_FlatArray,1
17.4448,199810976,Greedy_FlatArray,1
15.2947,199984642,Greedy_FlatArray,1
17.858,199778244,Greedy_FlatArray,1
21.6028,200376004,Greedy_FlatArray,1
13.5467,202233164,Greedy_FlatArray,1
15.1587,202311659,Greedy_FlatArray,1
16.0583,199282439,Greedy_FlatArray,1
22.7826,200708687,Greedy_FlatArray,1
19.0638,202724504,Greedy_FlatArray,1
11.4574,202950175,Greedy_FlatArray,1
29.5436,200739879,Greedy_FlatArray,1
16.9389,199972839,Greedy_FlatArray,1
22.1598,200065555,Greedy_FlatArray,1
31.869,201439249,Greedy_FlatArray,1
29.8411,201785701,Greedy_FlatArray,1
9.201301,201456745,Greedy_FlatArray,1
23.8431,201943789,Greedy_FlatArray,1
16.8251,201636329,Greedy_FlatArray,1
15.4537,202047419,Greedy_FlatArray,1
17.9403,201786675,Greedy_FlatArray,1
15.3167,201991478,Greedy_FlatArray,1
17.3335,201958686,Greedy_FlatArray,1
16.4355,201952651,Greedy_FlatArray,1
16.9549,202290873,Greedy_FlatArray,1
16.782,202208241,Greedy_FlatArray,1
16.5037,200913759,Greedy_FlatArray,1
18.435,202560318,Greedy_FlatArray,1
15.605,202514352,Greedy_FlatArray,1
15.3553,202543592,Greedy_FlatArray,1
17.8731,202827720,Greedy_FlatArray,1
16.3428,202590210,Greedy_FlatArray,1
16.3878,202798673,Greedy_FlatArray,1
18.7579,203289214,Greedy_FlatArray,1
13.9914,202743779,Greedy_FlatArray,1
16.7402,202967758,Greedy_FlatArray,1
17.3583,203197765,Greedy_FlatArray,1
16.1414,203365376,Greedy_FlatArray,1
16.9099,203288250,Greedy_FlatArray,1
16.5488,203313928,Greedy_FlatArray,1
17.2454,203724830,Greedy_FlatArray,1
18.4092,206165533,Greedy_FlatArray,1
14.8854,206002093,Greedy_FlatArray,1
16.6455,204269104,Greedy_FlatArray,1
17.185,206270680,Greedy_FlatArray,1
16.4736,204740397,Greedy_FlatArray,1
15.7077,204132953,Greedy_FlatArray,1
16.4345,204407519,Greedy_FlatArray,1
17.6247,202474187,Greedy_FlatArray,1
17.5976,204507877,Greedy_FlatArray,1
14.8198,204685179,Greedy_FlatArray,1
18.2066,204729929,Greedy_FlatArray,1
15.349,204816299,Greedy_FlatArray,1
18.0423,204984232,Greedy_FlatArray,1
23.0275,205141678,Greedy_FlatArray,1
11.8724,207564131,Greedy_FlatArray,1
14.8249,207485949,Greedy_FlatArray,1
15.8533,205329177,Greedy_FlatArray,1
19.7691,205982314,Greedy_FlatArray,1
14.2311,208126204,Greedy_FlatArray,1
16.5667,208076565,Greedy_FlatArray,1
15.8192,205964980,Greedy_FlatArray,1
18.0933,206193344,Greedy_FlatArray,1
16.4272,206308776,Greedy_FlatArray,1
16.2169,206577704,Greedy_FlatArray,1
16.5599,206702254,Greedy_FlatArray,1
17.2555,206861814,Greedy_FlatArray,1
16.2122,206890416,Greedy_FlatArray,1
17.0742,204979379,Greedy_FlatArray,1
16.6959,205064335,Greedy_FlatArray,1
16.4037,205655534,Greedy_FlatArray,1
16.6513,205227033,Greedy_FlatArray,1
24.4065,205085411,Greedy_FlatArray,1
19.4221,205997225,Greedy_FlatArray,1
12.0753,207991372,Greedy_FlatArray,1
26.5645,205358063,Greedy_FlatArray,1
16.4846,205981670,Greedy_FlatArray,1
22.2187,208323724,Greedy_FlatArray,1
11.9107,208347211,Greedy_FlatArray,1
17.0289,206049521,Greedy_FlatArray,1
15.1121,205947353,Greedy_FlatArray,1
16.8797,205558019,Greedy_FlatArray,1
16.4263,206015105,Greedy_FlatArray,1
16.8637,206254597,Greedy_FlatArray,1
16.8345,206398985,Greedy_FlatArray,1
16.9851,206554869,Greedy_FlatArray,1
18.158,207448195,Greedy_FlatArray,1
15.7798,206949281,Greedy_FlatArray,1
16.7488,207386307,Greedy_FlatArray,1
19.4671,207275529,Greedy_FlatArray,1
14.0067,208003094,Greedy_FlatArray,1
15.7793,207291668,Greedy_FlatArray,1
16,207498883,Greedy_FlatArray,1
17.4843,210174769,Greedy_FlatArray,1
17.8556,207649255,Greedy_FlatArray,1
16.3181,207986347,Greedy_FlatArray,1
16.2291,207866199,Greedy_FlatArray,1
15.5422,208199491,Greedy_FlatArray,1
18.9398,207217715,Greedy_FlatArray,1
19.7102,208674774,Greedy_FlatArray,1
19.1953,211041470,Greedy_FlatArray,1
20.1004,208672302,Greedy_FlatArray,1
32.5819,209166926,Greedy_FlatArray,1
21.9464,209174586,Greedy_FlatArray,1
11.4862,209941420,Greedy_FlatArray,1
23.7476,209291094,Greedy_FlatArray,1
16.4774,209627102,Greedy_FlatArray,1
18.1048,209571806,Greedy_FlatArray,1
15.1078,209637442,Greedy_FlatArray,1
17.3752,210571260,Greedy_FlatArray,1
16.4649,209929334,Greedy_FlatArray,1
15.9511,210285111,Greedy_FlatArray,1
17.422,212754766,Greedy_FlatArray,1
17.0152,212886400,Greedy_FlatArray,1
16.39,211034996,Greedy_FlatArray,1
22.5545,210818516,Greedy_FlatArray,1
10.6066,213461235,Greedy_FlatArray,1
17.0248,212505003,Greedy_FlatArray,1
22.3921,209947495,Greedy_FlatArray,1
10.7133,211043440,Greedy_FlatArray,1
16.5946,210337865,Greedy_FlatArray,1
15.7414,210656680,Greedy_FlatArray,1
17.5461,211173016,Greedy_FlatArray,1
19.8561,210437068,Greedy_FlatArray,1
29.2042,211057922,Greedy_FlatArray,1
18.3028,213035342,Greedy_FlatArray,1
14.8154,211044798,Greedy_FlatArray,1
18.1405,210987416,Greedy_FlatArray,1
16.3814,211346608,Greedy_FlatArray,1
16.9826,213695898,Greedy_FlatArray,1
17.2234,213732265,Greedy_FlatArray,1
16.275,211549838,Greedy_FlatArray,1
16.5021,214123635,Greedy_FlatArray,1
23.0974,211651131,Greedy_FlatArray,1
10.2399,211988813,Greedy_FlatArray,1
16.4568,212419837,Greedy_FlatArray,1
16.7531,212131268,Greedy_FlatArray,1
16.4978,214484693,Greedy_FlatArray,1
16.7212,212420964,Greedy_FlatArray,1
16.8069,212420032,Greedy_FlatArray,1
16.6257,212585964,Greedy_FlatArray,1
16.1012,215009565,Greedy_FlatArray,1
16.6028,215077253,Greedy_FlatArray,1
16.9829,212795058,Greedy_FlatArray,1
16.9578,215374131,Greedy_FlatArray,1
16.4277,215324927,Greedy_FlatArray,1
16.6143,213289595,Greedy_FlatArray,1
16.6779,215670493,Greedy_FlatArray,1
17.1378,215885542,Greedy_FlatArray,1
16.4078,216006924,Greedy_FlatArray,1
30.5231,212470763,Greedy_FlatArray,1
18.317,214171351,Greedy_FlatArray,1
17.8795,216382284,Greedy_FlatArray,1
16.5506,216369428,Greedy_FlatArray,1
22.758,213841885,Greedy_FlatArray,1
10.3286,214933545,Greedy_FlatArray,1
17.1849,216720924,Greedy_FlatArray,1
22.2395,213299611,Greedy_FlatArray,1
21.8241,215132135,Greedy_FlatArray,1
12.5603,217396675,Greedy_FlatArray,1
10.6372,217231467,Greedy_FlatArray,1
20.1259,217501056,Greedy_FlatArray,1
28.42,214905073,Greedy_FlatArray,1
16.8009,215500770,Greedy_FlatArray,1
22.3101,215320704,Greedy_FlatArray,1
11.2189,215888757,Greedy_FlatArray,1
16.8546,215869471,Greedy_FlatArray,1
16.1035,216419113,Greedy_FlatArray,1
17.0175,218736582,Greedy_FlatArray,1
16.8059,217240938,Greedy_FlatArray,1
16.9606,216594877,Greedy_FlatArray,1
16.6555,217420081,Greedy_FlatArray,1
16.2667,216680273,Greedy_FlatArray,1
16.564,217065499,Greedy_FlatArray,1
21.7415,217082519,Greedy_FlatArray,1
16.1028,217522519,Greedy_FlatArray,1
12.4367,219767157,Greedy_FlatArray,1
15.9463,217675081,Greedy_FlatArray,1
17.4209,217562143,Greedy_FlatArray,1
16.4657,217819505,Greedy_FlatArray,1
17.1618,220224114,Greedy_FlatArray,1
26.9102,217886502,Greedy_FlatArray,1
9.9262,220704453,Greedy_FlatArray,1
13.9676,220544444,Greedy_FlatArray,1
15.5167,218081273,Greedy_FlatArray,1
16.8346,218785643,Greedy_FlatArray,1
16.4853,220831369,Greedy_FlatArray,1
16.4357,221081808,Greedy_FlatArray,1
25.7768,218342781,Greedy_FlatArray,1
7.8596,218976829,Greedy_FlatArray,1
16.3072,221263349,Greedy_FlatArray,1
16.8278,218950621,Greedy_FlatArray,1
17.5166,219046561,Greedy_FlatArray,1
16.1291,219985914,Greedy_FlatArray,1
16.3571,221778713,Greedy_FlatArray,1
16.8125,219399719,Greedy_FlatArray,1
17.7422,219487619,Greedy_FlatArray,1
15.3762,222273922,Greedy_FlatArray,1
16.9533,219861077,Greedy_FlatArray,1
16.8899,222826167,Greedy_FlatArray,1
15.796,222660917,Greedy_FlatArray,1
16.5605,222790025,Greedy_FlatArray,1
15.9632,220498561,Greedy_FlatArray,1
17.7046,221264010,Greedy_FlatArray,1
17.1115,220782982,Greedy_FlatArray,1
17.0317,223550290,Greedy_FlatArray,1
15.8876,223567510,Greedy_FlatArray,1
16.761,221115232,Greedy_FlatArray,1
16.3393,221249656,Greedy_FlatArray,1
17.172,223885752,Greedy_FlatArray,1
16.6596,223954125,Greedy_FlatArray,1
21.2148,221640443,Greedy_FlatArray,1
12.0785,222494400,Greedy_FlatArray,1
16.7271,221952689,Greedy_FlatArray,1
16.226,222149963,Greedy_FlatArray,1
17.1733,222891329,Greedy_FlatArray,1
16.6618,220178551,Greedy_FlatArray,1
16.8557,220311979,Greedy_FlatArray,1
16.2959,220254251,Greedy_FlatArray,1
23.5959,223189279,Greedy_FlatArray,1
13.0908,223431589,Greedy_FlatArray,1
28.9121,220260391,Greedy_FlatArray,1
18.5204,221015471,Greedy_FlatArray,1
16.3777,223355048,Greedy_FlatArray,1
14.7478,220973405,Greedy_FlatArray,1
18.2646,220851459,Greedy_FlatArray,1
17.8986,222073319,Greedy_FlatArray,1
15.5756,223925856,Greedy_FlatArray,1
16.1528,221306071,Greedy_FlatArray,1
18.9637,224256167,Greedy_FlatArray,1
14.7153,224216226,Greedy_FlatArray,1
16.2773,221369603,Greedy_FlatArray,1
19.255,222112141,Greedy_FlatArray,1
13.9685,224733560,Greedy_FlatArray,1
18.6904,221906503,Greedy_FlatArray,1
13.6643,222177795,Greedy_FlatArray,1
22.7681,222440268,Greedy_FlatArray,1
17.6679,222495713,Greedy_FlatArray,1
16.8554,222868780,Greedy_FlatArray,1
11.5494,225696781,Greedy_FlatArray,1
20.9544,222688431,Greedy_FlatArray,1
27.6936,223111015,Greedy_FlatArray,1
17.453,223018235,Greedy_FlatArray,1
16.3899,223309443,Greedy_FlatArray,1
16.3664,226111586,Greedy_FlatArray,1
17.3226,226398937,Greedy_FlatArray,1
16.3904,223483399,Greedy_FlatArray,1
18.3598,223913219,Greedy_FlatArray,1
14.7358,226804550,Greedy_FlatArray,1
16.3622,226726484,Greedy_FlatArray,1
22.4535,223990551,Greedy_FlatArray,1
15.0326,224141597,Greedy_FlatArray,1
13.5119,227227954,Greedy_FlatArray,1
16.088,227222788,Greedy_FlatArray,1
22.4307,224223239,Greedy_FlatArray,1
13.4039,224580669,Greedy_FlatArray,1
14.3835,227533339,Greedy_FlatArray,1
16.5637,224536153,Greedy_FlatArray,1
17.2833,224790149,Greedy_FlatArray,1
16.6114,225548568,Greedy_FlatArray,1
14.9042,224972481,Greedy_FlatArray,1
22.5855,224893341,Greedy_FlatArray,1
10.592,225375111,Greedy_FlatArray,1
18.6884,226033639,Greedy_FlatArray,1
15.3603,225543799,Greedy_FlatArray,1
20.6518,225363633,Greedy_FlatArray,1
12.9871,228586893,Greedy_FlatArray,1
16.8868,227584973,Greedy_FlatArray,1
16.7875,224650991,Greedy_FlatArray,1
23.5328,227762021,Greedy_FlatArray,1
12.6982,228015072,Greedy_FlatArray,1
29.1793,224677327,Greedy_FlatArray,1
17.2371,225373481,Greedy_FlatArray,1
18.107,228026744,Greedy_FlatArray,1
16.2016,225386403,Greedy_FlatArray,1
18.8579,225411507,Greedy_FlatArray,1
14.5472,226481609,Greedy_FlatArray,1
15.7053,225553895,Greedy_FlatArray,1
15.6532,225823495,Greedy_FlatArray,1
23.5053,225749035,Greedy_FlatArray,1
11.235,228929029,Greedy_FlatArray,1
16.743,228997546,Greedy_FlatArray,1
16.8262,226077799,Greedy_FlatArray,1
18.1145,227218406,Greedy_FlatArray,1
14.9839,226307467,Greedy_FlatArray,1
18.9372,228714679,Greedy_FlatArray,1
15.377,228643837,Greedy_FlatArray,1
15.7807,228534535,Greedy_FlatArray,1
20.0933,225963843,Greedy_FlatArray,1
20.8171,227242557,Greedy_FlatArray,1
11.664,229184328,Greedy_FlatArray,1
16.2859,229120419,Greedy_FlatArray,1
14.4308,229345476,Greedy_FlatArray,1
17.1646,229384170,Greedy_FlatArray,1
15.7455,226482191,Greedy_FlatArray,1
22.1473,227875699,Greedy_FlatArray,1
11.9234,229944406,Greedy_FlatArray,1
16.3288,229663773,Greedy_FlatArray,1
16.6608,227719079,Greedy_FlatArray,1
16.4426,229992582,Greedy_FlatArray,1
16.9364,228719468,Greedy_FlatArray,1
19.296,228041605,Greedy_FlatArray,1
30.0308,228075077,Greedy_FlatArray,1
18.0469,230390488,Greedy_FlatArray,1
16.0623,230732800,Greedy_FlatArray,1
19.7362,230471395,Greedy_FlatArray,1
13.179,228628359,Greedy_FlatArray,1
16.7403,230641189,Greedy_FlatArray,1
16.9524,228663617,Greedy_FlatArray,1
18.8974,230077267,Greedy_FlatArray,1
15.2731,231073148,Greedy_FlatArray,1
19.6205,229207585,Greedy_FlatArray,1
28.3197,228962449,Greedy_FlatArray,1
18.3901,229369173,Greedy_FlatArray,1
16.0727,231275167,Greedy_FlatArray,1
16.7651,231352128,Greedy_FlatArray,1
15.3893,229413405,Greedy_FlatArray,1
16.2537,230359164,Greedy_FlatArray,1
16.9552,229593265,Greedy_FlatArray,1
17.1172,229572581,Greedy_FlatArray,1
15.8952,229796133,Greedy_FlatArray,1
16.7224,230684244,Greedy_FlatArray,1
16.6755,229877325,Greedy_FlatArray,1
16.9131,229813133,Greedy_FlatArray,1
16.5074,230053825,Greedy_FlatArray,1
16.7377,229826977,Greedy_FlatArray,1
16.4945,230510023,Greedy_FlatArray,1
18.6242,232230072,Greedy_FlatArray,1
15.118,230471085,Greedy_FlatArray,1
23.9367,231166537,Greedy_FlatArray,1
9.5804,230559867,Greedy_FlatArray,1
17.2163,232589012,Greedy_FlatArray,1
18.6442,230711843,Greedy_FlatArray,1
14.8249,231544401,Greedy_FlatArray,1
15.404,230827671,Greedy_FlatArray,1
16.814,230824521,Greedy_FlatArray,1
16.6192,230983511,Greedy_FlatArray,1
16.8954,230893495,Greedy_FlatArray,1
16.3145,229588867,Greedy_FlatArray,1
20.188,231483345,Greedy_FlatArray,1
14.735,233463650,Greedy_FlatArray,1
15.0922,231226939,Greedy_FlatArray,1
16.7306,231245855,Greedy_FlatArray,1
16.5005,232445008,Greedy_FlatArray,1
17.498,231339427,Greedy_FlatArray,1
16.319,231319825,Greedy_FlatArray,1
17.0575,231528815,Greedy_FlatArray,1
15.9757,231473421,Greedy_FlatArray,1
16.7436,232557130,Greedy_FlatArray,1
16.8754,231701841,Greedy_FlatArray,1
16.3455,232234701,Greedy_FlatArray,1
17.965,233047305,Greedy_FlatArray,1
15.1704,232521857,Greedy_FlatArray,1
18.2854,230763807,Greedy_FlatArray,1
15.0936,232636657,Greedy_FlatArray,1
18.9436,233370801,Greedy_FlatArray,1
14.4079,232698337,Greedy_FlatArray,1
18.1434,233327085,Greedy_FlatArray,1
15.2634,232437821,Greedy_FlatArray,1
22.9646,232811861,Greedy_FlatArray,1
14.3278,233748597,Greedy_FlatArray,1
14.2487,232967325,Greedy_FlatArray,1
22.1267,233859896,Greedy_FlatArray,1
10.7659,233132845,Greedy_FlatArray,1
16.25,233995814,Greedy_FlatArray,1
15.9459,233243741,Greedy_FlatArray,1
17.3623,233030055,Greedy_FlatArray,1
15.8732,233388145,Greedy_FlatArray,1
17.1996,234223107,Greedy_FlatArray,1
16.1686,233427261,Greedy_FlatArray,1
18.8515,233153839,Greedy_FlatArray,1
14.445,233477741,Greedy_FlatArray,1
17.333,232647697,Greedy_FlatArray,1
16.0659,233794141,Greedy_FlatArray,1
18.0844,235581125,Greedy_FlatArray,1
15.2141,233820931,Greedy_FlatArray,1
17.5469,233491719,Greedy_FlatArray,1
16.0839,233873275,Greedy_FlatArray,1
17.7333,234661567,Greedy_FlatArray,1
15.3977,234932026,Greedy_FlatArray,1
19.1303,234819957,Greedy_FlatArray,1
14.0696,233831615,Greedy_FlatArray,1
17.9925,233850499,Greedy_FlatArray,1
15.2554,233870851,Greedy_FlatArray,1
16.7632,235085147,Greedy_FlatArray,1
16.6442,233909579,Greedy_FlatArray,1
16.5338,178391911,Greedy_FlatArray,2
634.8855,178404779,Greedy_FlatArray,2
15.054,179514858,Greedy_FlatArray,2
50.134,179714110,Greedy_FlatArray,2
50.1016,179531476,Greedy_FlatArray,2
49.9127,179801654,Greedy_FlatArray,2
33.4546,178404623,Greedy_FlatArray,2
17.2735,179806795,Greedy_FlatArray,2
16.1795,179606815,Greedy_FlatArray,2
16.8224,178403643,Greedy_FlatArray,2
16.7327,179893650,Greedy_FlatArray,2
16.5831,178393695,Greedy_FlatArray,2
21.2844,179653762,Greedy_FlatArray,2
12.0832,179886067,Greedy_FlatArray,2
16.623,179677479,Greedy_FlatArray,2
16.5489,178392447,Greedy_FlatArray,2
16.8444,178392547,Greedy_FlatArray,2
16.7285,178381063,Greedy_FlatArray,2
16.5555,180025991,Greedy_FlatArray,2
16.6151,178381039,Greedy_FlatArray,2
16.5744,178404163,Greedy_FlatArray,2
16.7749,180047523,Greedy_FlatArray,2
17.362,178380907,Greedy_FlatArray,2
15.9304,180093921,Greedy_FlatArray,2
16.5017,178380723,Greedy_FlatArray,2
16.9498,178392439,Greedy_FlatArray,2
16.5632,178428459,Greedy_FlatArray,2
16.6973,179995993,Greedy_FlatArray,2
16.5123,180033651,Greedy_FlatArray,2
16.8857,180024947,Greedy_FlatArray,2
16.4786,180079951,Greedy_FlatArray,2
16.8414,180033721,Greedy_FlatArray,2
16.5393,180079937,Greedy_FlatArray,2
16.7915,179975164,Greedy_FlatArray,2
16.4002,180224562,Greedy_FlatArray,2
16.8772,180001761,Greedy_FlatArray,2
16.6835,180245682,Greedy_FlatArray,2
16.593,180025905,Greedy_FlatArray,2
16.5107,180243732,Greedy_FlatArray,2
16.7962,178403855,Greedy_FlatArray,2
16.8265,180281502,Greedy_FlatArray,2
16.3816,180097298,Greedy_FlatArray,2
16.8808,180307026,Greedy_FlatArray,2
16.5344,180112020,Greedy_FlatArray,2
16.6536,180212521,Greedy_FlatArray,2
16.5101,178380551,Greedy_FlatArray,2
16.7272,180410702,Greedy_FlatArray,2
16.6897,178380527,Greedy_FlatArray,2
16.6894,180435723,Greedy_FlatArray,2
16.6462,178380343,Greedy_FlatArray,2
16.8586,180460047,Greedy_FlatArray,2
16.5454,178380575,Greedy_FlatArray,2
16.6897,180484954,Greedy_FlatArray,2
16.5134,178380455,Greedy_FlatArray,2
16.7408,180508581,Greedy_FlatArray,2
16.8513,178380431,Greedy_FlatArray,2
16.4532,178392035,Greedy_FlatArray,2
16.6613,180522629,Greedy_FlatArray,2
16.7344,180292225,Greedy_FlatArray,2
16.4552,180547515,Greedy_FlatArray,2
16.8966,178404739,Greedy_FlatArray,2
16.6577,180548655,Greedy_FlatArray,2
18.2554,180386435,Greedy_FlatArray,2
14.9477,180546452,Greedy_FlatArray,2
16.6837,180374528,Greedy_FlatArray,2
16.5651,180605374,Greedy_FlatArray,2
16.7159,180396918,Greedy_FlatArray,2
16.7428,178404511,Greedy_FlatArray,2
16.5836,180637310,Greedy_FlatArray,2
16.7039,178391975,Greedy_FlatArray,2
16.6842,180698767,Greedy_FlatArray,2
16.5756,178380239,Greedy_FlatArray,2
16.6789,180734232,Greedy_FlatArray,2
16.6258,178380215,Greedy_FlatArray,2
16.9285,178404315,Greedy_FlatArray,2
16.4037,178423225,Greedy_FlatArray,2
16.7834,178642236,Greedy_FlatArray,2
16.4817,178415111,Greedy_FlatArray,2
16.7186,178667642,Greedy_FlatArray,2
16.7546,178414991,Greedy_FlatArray,2
16.8455,178749336,Greedy_FlatArray,2
16.5659,178395531,Greedy_FlatArray,2
68.3215,178535201,Greedy_FlatArray,2
9.7136,178636477,Greedy_FlatArray,2
10.4416,178729286,Greedy_FlatArray,2
11.3251,178723366,Greedy_FlatArray,2
16.9402,178829213,Greedy_FlatArray,2
16.5345,178758099,Greedy_FlatArray,2
16.5295,178830046,Greedy_FlatArray,2
16.8183,178811346,Greedy_FlatArray,2
16.7804,178718530,Greedy_FlatArray,2
17.0192,178938972,Greedy_FlatArray,2
16.8193,178790412,Greedy_FlatArray,2
16.0101,178925478,Greedy_FlatArray,2
16.7398,178837722,Greedy_FlatArray,2
16.5629,178493431,Greedy_FlatArray,2
16.5379,179038938,Greedy_FlatArray,2
16.8392,178794566,Greedy_FlatArray,2
16.517,179027240,Greedy_FlatArray,2
16.6689,178493527,Greedy_FlatArray,2
16.6642,179052658,Greedy_FlatArray,2
16.8667,178892482,Greedy_FlatArray,2
16.4743,179096009,Greedy_FlatArray,2
16.8217,179008209,Greedy_FlatArray,2
16.5049,179206318,Greedy_FlatArray,2
16.6443,178992848,Greedy_FlatArray,2
16.6955,179228410,Greedy_FlatArray,2
16.7102,178592271,Greedy_FlatArray,2
16.7753,178671755,Greedy_FlatArray,2
16.7032,179387930,Greedy_FlatArray,2
16.4267,179208210,Greedy_FlatArray,2
16.5821,179420076,Greedy_FlatArray,2
16.7425,179316229,Greedy_FlatArray,2
16.7495,179439834,Greedy_FlatArray,2
16.5471,179299890,Greedy_FlatArray,2
16.7423,179392110,Greedy_FlatArray,2
16.644,179661816,Greedy_FlatArray,2
16.6447,178868099,Greedy_FlatArray,2
16.8774,179653166,Greedy_FlatArray,2
16.7009,179522303,Greedy_FlatArray,2
16.4483,179690067,Greedy_FlatArray,2
16.638,179536145,Greedy_FlatArray,2
16.7432,179743873,Greedy_FlatArray,2
16.5176,179605149,Greedy_FlatArray,2
16.9406,179766609,Greedy_FlatArray,2
16.4915,178880067,Greedy_FlatArray,2
16.8235,179851238,Greedy_FlatArray,2
16.6096,178869631,Greedy_FlatArray,2
16.5139,179886120,Greedy_FlatArray,2
16.7372,178869607,Greedy_FlatArray,2
16.7043,179905808,Greedy_FlatArray,2
16.7159,178869435,Greedy_FlatArray,2
16.4868,179931821,Greedy_FlatArray,2
16.6267,179715201,Greedy_FlatArray,2
16.9313,179964642,Greedy_FlatArray,2
16.3759,179775984,Greedy_FlatArray,2
16.8968,180055175,Greedy_FlatArray,2
16.7563,179867857,Greedy_FlatArray,2
16.8045,179860661,Greedy_FlatArray,2
16.4897,179974082,Greedy_FlatArray,2
16.8234,180084798,Greedy_FlatArray,2
16.3101,180044872,Greedy_FlatArray,2
16.7217,180094678,Greedy_FlatArray,2
16.8762,179968619,Greedy_FlatArray,2
16.3363,180196149,Greedy_FlatArray,2
16.7336,180032553,Greedy_FlatArray,2
16.6877,180232856,Greedy_FlatArray,2
16.7658,180089872,Greedy_FlatArray,2
16.4687,180323272,Greedy_FlatArray,2
16.9253,180128704,Greedy_FlatArray,2
16.5385,180378972,Greedy_FlatArray,2
16.5897,180141406,Greedy_FlatArray,2
16.7102,180470264,Greedy_FlatArray,2
16.5113,179203077,Greedy_FlatArray,2
16.7958,179462681,Greedy_FlatArray,2
16.8018,179214383,Greedy_FlatArray,2
16.5507,179262149,Greedy_FlatArray,2
16.588,179501516,Greedy_FlatArray,2
16.6718,179173879,Greedy_FlatArray,2
16.5475,179500412,Greedy_FlatArray,2
16.7256,179302400,Greedy_FlatArray,2
16.9243,179537603,Greedy_FlatArray,2
17.0821,179315842,Greedy_FlatArray,2
16.0123,179393657,Greedy_FlatArray,2
16.6756,179512913,Greedy_FlatArray,2
16.7114,179243871,Greedy_FlatArray,2
16.6995,179550212,Greedy_FlatArray,2
16.8421,179315939,Greedy_FlatArray,2
16.3728,179573606,Greedy_FlatArray,2
16.9013,179573599,Greedy_FlatArray,2
16.474,179723211,Greedy_FlatArray,2
16.8061,179561165,Greedy_FlatArray,2
16.5124,179750093,Greedy_FlatArray,2
16.747,179614885,Greedy_FlatArray,2
16.577,179720142,Greedy_FlatArray,2
16.6098,179799531,Greedy_FlatArray,2
16.6397,179950322,Greedy_FlatArray,2
16.7914,179413471,Greedy_FlatArray,2
16.5144,179948509,Greedy_FlatArray,2
17.0041,179876969,Greedy_FlatArray,2
16.4101,180049043,Greedy_FlatArray,2
16.8045,179922659,Greedy_FlatArray,2
16.4659,180168895,Greedy_FlatArray,2
16.8187,180037659,Greedy_FlatArray,2
16.7058,180448962,Greedy_FlatArray,2
16.5986,179684815,Greedy_FlatArray,2
16.7556,180400855,Greedy_FlatArray,2
16.542,180330631,Greedy_FlatArray,2
16.7352,180482883,Greedy_FlatArray,2
17.0617,180272319,Greedy_FlatArray,2
16.2086,180528276,Greedy_FlatArray,2
16.7082,180382964,Greedy_FlatArray,2
16.9529,180693379,Greedy_FlatArray,2
16.3301,180444837,Greedy_FlatArray,2
16.5022,180727816,Greedy_FlatArray,2
17.0991,179840755,Greedy_FlatArray,2
16.252,180757074,Greedy_FlatArray,2
17.0325,179841543,Greedy_FlatArray,2
16.522,179840747,Greedy_FlatArray,2
16.4582,180764517,Greedy_FlatArray,2
16.9805,179875827,Greedy_FlatArray,2
16.2842,180789033,Greedy_FlatArray,2
16.8691,179840955,Greedy_FlatArray,2
16.6826,180845939,Greedy_FlatArray,2
16.5895,179869551,Greedy_FlatArray,2
16.7393,180901390,Greedy_FlatArray,2
16.8146,180649192,Greedy_FlatArray,2
16.3005,180924761,Greedy_FlatArray,2
16.7247,180759047,Greedy_FlatArray,2
16.799,180975768,Greedy_FlatArray,2
16.5937,179991135,Greedy_FlatArray,2
16.7359,181039396,Greedy_FlatArray,2
17.7123,180933436,Greedy_FlatArray,2
15.2527,181023542,Greedy_FlatArray,2
16.9164,181141373,Greedy_FlatArray,2
16.788,181388788,Greedy_FlatArray,2
16.6564,181480186,Greedy_FlatArray,2
16.5171,181527281,Greedy_FlatArray,2
16.7337,181382353,Greedy_FlatArray,2
16.5585,181487651,Greedy_FlatArray,2
16.6915,181500731,Greedy_FlatArray,2
16.6988,181544694,Greedy_FlatArray,2
16.8236,181739391,Greedy_FlatArray,2
16.6573,181824816,Greedy_FlatArray,2
16.7054,181659378,Greedy_FlatArray,2
16.4359,181955517,Greedy_FlatArray,2
16.6259,181783661,Greedy_FlatArray,2
16.9876,182023164,Greedy_FlatArray,2
16.7836,181961558,Greedy_FlatArray,2
16.1903,182046821,Greedy_FlatArray,2
16.8406,182108963,Greedy_FlatArray,2
16.5747,182189647,Greedy_FlatArray,2
16.6041,182324327,Greedy_FlatArray,2
17.1717,182554165,Greedy_FlatArray,2
16.3309,182307139,Greedy_FlatArray,2
16.5769,181202511,Greedy_FlatArray,2
19.49,182428359,Greedy_FlatArray,2
14.037,182654136,Greedy_FlatArray,2
16.4295,182451454,Greedy_FlatArray,2
16.7344,182512322,Greedy_FlatArray,2
16.6801,182757205,Greedy_FlatArray,2
16.5858,182549493,Greedy_FlatArray,2
16.7999,182788789,Greedy_FlatArray,2
16.4826,182650703,Greedy_FlatArray,2
17.0662,181286647,Greedy_FlatArray,2
16.5129,182705097,Greedy_FlatArray,2
16.6223,182919263,Greedy_FlatArray,2
16.5079,182728829,Greedy_FlatArray,2
16.7674,182958744,Greedy_FlatArray,2
16.5106,182793822,Greedy_FlatArray,2
16.7002,181445823,Greedy_FlatArray,2
16.7825,182934874,Greedy_FlatArray,2
16.5228,183135837,Greedy_FlatArray,2
16.7691,182994716,Greedy_FlatArray,2
16.6072,183132570,Greedy_FlatArray,2
16.5248,183113832,Greedy_FlatArray,2
16.7449,183303701,Greedy_FlatArray,2
16.8708,181668867,Greedy_FlatArray,2
17.9773,183570165,Greedy_FlatArray,2
15.4758,183643123,Greedy_FlatArray,2
17.0632,183943278,Greedy_FlatArray,2
15.8987,183763752,Greedy_FlatArray,2
16.77,184047392,Greedy_FlatArray,2
16.8089,184292350,Greedy_FlatArray,2
16.3816,184147058,Greedy_FlatArray,2
16.8747,184363030,Greedy_FlatArray,2
16.7278,184416778,Greedy_FlatArray,2
16.5311,184717929,Greedy_FlatArray,2
16.627,182726439,Greedy_FlatArray,2
16.7568,184780574,Greedy_FlatArray,2
25.9275,184976516,Greedy_FlatArray,2
8.0835,185036810,Greedy_FlatArray,2
15.865,185102694,Greedy_FlatArray,2
16.5404,185366042,Greedy_FlatArray,2
16.8347,183334563,Greedy_FlatArray,2
16.8366,185315275,Greedy_FlatArray,2
16.4538,185478428,Greedy_FlatArray,2
16.7348,185370725,Greedy_FlatArray,2
16.7017,185643352,Greedy_FlatArray,2
16.4378,185394498,Greedy_FlatArray,2
16.6817,185472431,Greedy_FlatArray,2
16.9944,185675177,Greedy_FlatArray,2
16.4036,185563170,Greedy_FlatArray,2
16.876,185731027,Greedy_FlatArray,2
16.6278,185645959,Greedy_FlatArray,2
16.413,185808457,Greedy_FlatArray,2
16.6437,185670707,Greedy_FlatArray,2
17.0756,185886619,Greedy_FlatArray,2
16.3316,183588153,Greedy_FlatArray,2
16.569,183610897,Greedy_FlatArray,2
16.9133,183827489,Greedy_FlatArray,2
16.4133,183752279,Greedy_FlatArray,2
16.9059,184005347,Greedy_FlatArray,2
16.6598,183843935,Greedy_FlatArray,2
16.4914,184053594,Greedy_FlatArray,2
16.7675,183731735,Greedy_FlatArray,2
16.7306,184172196,Greedy_FlatArray,2
16.5438,183968934,Greedy_FlatArray,2
16.652,184163065,Greedy_FlatArray,2
16.8345,184153106,Greedy_FlatArray,2
16.503,184418521,Greedy_FlatArray,2
16.5612,184227647,Greedy_FlatArray,2
16.8608,184461732,Greedy_FlatArray,2
16.4476,184382658,Greedy_FlatArray,2
16.7832,184661566,Greedy_FlatArray,2
16.799,184144327,Greedy_FlatArray,2
16.5324,184781608,Greedy_FlatArray,2
16.8053,184726681,Greedy_FlatArray,2
16.6236,184823278,Greedy_FlatArray,2
16.7763,184857200,Greedy_FlatArray,2
16.5533,185001337,Greedy_FlatArray,2
16.6748,185112997,Greedy_FlatArray,2
16.5532,184988492,Greedy_FlatArray,2
27.2035,185901001,Greedy_FlatArray,2
34.0551,185470184,Greedy_FlatArray,2
18.5151,185962727,Greedy_FlatArray,2
30.5956,187323427,Greedy_FlatArray,2
8.742,187568238,Greedy_FlatArray,2
14.6784,187620684,Greedy_FlatArray,2
16.0981,185985809,Greedy_FlatArray,2
16.4752,185923831,Greedy_FlatArray,2
17.1972,185960298,Greedy_FlatArray,2
16.5805,185338739,Greedy_FlatArray,2
17.5416,186224907,Greedy_FlatArray,2
15.7429,186169919,Greedy_FlatArray,2
16.706,186325048,Greedy_FlatArray,2
16.4815,186152258,Greedy_FlatArray,2
16.7484,185501031,Greedy_FlatArray,2
16.9037,186427394,Greedy_FlatArray,2
16.3512,186264372,Greedy_FlatArray,2
16.8178,186291770,Greedy_FlatArray,2
18.058,186593298,Greedy_FlatArray,2
15.3092,186345424,Greedy_FlatArray,2
16.6123,186403890,Greedy_FlatArray,2
16.6919,186681815,Greedy_FlatArray,2
16.4581,186554543,Greedy_FlatArray,2
17.0533,186645351,Greedy_FlatArray,2
16.2692,186793232,Greedy_FlatArray,2
16.6279,185688863,Greedy_FlatArray,2
16.8953,186913248,Greedy_FlatArray,2
16.5742,186788116,Greedy_FlatArray,2
16.6595,186992826,Greedy_FlatArray,2
16.8625,186923200,Greedy_FlatArray,2
16.7724,186989798,Greedy_FlatArray,2
16.4327,187086218,Greedy_FlatArray,2
19.9343,187016150,Greedy_FlatArray,2
26.7981,187407450,Greedy_FlatArray,2
21.3249,186176743,Greedy_FlatArray,2
16.2783,186248983,Greedy_FlatArray,2
32.4916,186685242,Greedy_FlatArray,2
5.3576,188371869,Greedy_FlatArray,2
11.5488,186785110,Greedy_FlatArray,2
15.8888,186877823,Greedy_FlatArray,2
17.309,186867107,Greedy_FlatArray,2
16.5087,187214694,Greedy_FlatArray,2
16.3635,187033636,Greedy_FlatArray,2
17.4383,187644085,Greedy_FlatArray,2
17.1142,187468129,Greedy_FlatArray,2
16.1403,187234187,Greedy_FlatArray,2
24.5893,188260156,Greedy_FlatArray,2
19.6344,189945293,Greedy_FlatArray,2
6.6204,190024629,Greedy_FlatArray,2
15.5397,188168193,Greedy_FlatArray,2
17.408,188339852,Greedy_FlatArray,2
15.8149,187761283,Greedy_FlatArray,2
16.5335,187712971,Greedy_FlatArray,2
16.6684,188358318,Greedy_FlatArray,2
16.6606,188387504,Greedy_FlatArray,2
16.6203,188568159,Greedy_FlatArray,2
16.7518,188405253,Greedy_FlatArray,2
16.5819,188598805,Greedy_FlatArray,2
16.6546,188422376,Greedy_FlatArray,2
16.6722,188697340,Greedy_FlatArray,2
16.7647,188476684,Greedy_FlatArray,2
16.7061,188725691,Greedy_FlatArray,2
16.3813,188503587,Greedy_FlatArray,2
16.9894,187926407,Greedy_FlatArray,2
16.723,188707950,Greedy_FlatArray,2
16.5539,188525570,Greedy_FlatArray,2
16.5289,188728324,Greedy_FlatArray,2
17.8295,188895111,Greedy_FlatArray,2
15.4634,188650571,Greedy_FlatArray,2
16.509,188891774,Greedy_FlatArray,2
16.9555,188775229,Greedy_FlatArray,2
16.5402,188995027,Greedy_FlatArray,2
16.9642,188788539,Greedy_FlatArray,2
17.2294,188782953,Greedy_FlatArray,2
15.8974,188817966,Greedy_FlatArray,2
17.4537,189148467,Greedy_FlatArray,2
15.9503,188848221,Greedy_FlatArray,2
16.6635,189196165,Greedy_FlatArray,2
16.9198,189035049,Greedy_FlatArray,2
16.4373,189306897,Greedy_FlatArray,2
20.5366,190941976,Greedy_FlatArray,2
13.162,189297821,Greedy_FlatArray,2
18.4001,189514099,Greedy_FlatArray,2
15.0327,189554949,Greedy_FlatArray,2
17.4486,190039975,Greedy_FlatArray,2
16.5865,189922561,Greedy_FlatArray,2
15.5364,190006723,Greedy_FlatArray,2
19.8733,192234905,Greedy_FlatArray,2
13.9064,192030103,Greedy_FlatArray,2
16.035,190513441,Greedy_FlatArray,2
19.0192,190544517,Greedy_FlatArray,2
14.8351,189488643,Greedy_FlatArray,2
26.4775,191234535,Greedy_FlatArray,2
12.4139,192656236,Greedy_FlatArray,2
11.0357,193123859,Greedy_FlatArray,2
16.3306,191120625,Greedy_FlatArray,2
16.2556,191563337,Greedy_FlatArray,2
17.2634,193102606,Greedy_FlatArray,2
16.3336,191566339,Greedy_FlatArray,2
16.3288,191644695,Greedy_FlatArray,2
18.0839,191626326,Greedy_FlatArray,2
15.355,191492250,Greedy_FlatArray,2
16.9838,190164379,Greedy_FlatArray,2
23.4388,191729100,Greedy_FlatArray,2
9.6304,191785165,Greedy_FlatArray,2
16.5328,192202494,Greedy_FlatArray,2
18.1068,194024374,Greedy_FlatArray,2
15.2065,192107477,Greedy_FlatArray,2
16.5742,192240644,Greedy_FlatArray,2
16.9513,190566951,Greedy_FlatArray,2
16.8624,192392622,Greedy_FlatArray,2
16.361,190584351,Greedy_FlatArray,2
16.8535,192162473,Greedy_FlatArray,2
16.7935,192346897,Greedy_FlatArray,2
16.5864,192193579,Greedy_FlatArray,2
16.5852,192405833,Greedy_FlatArray,2
16.6917,190710215,Greedy_FlatArray,2
16.7604,192388064,Greedy_FlatArray,2
18.0562,192449754,Greedy_FlatArray,2
14.8529,192702265,Greedy_FlatArray,2
17.0696,192502353,Greedy_FlatArray,2
16.6029,192642807,Greedy_FlatArray,2
16.5934,191015903,Greedy_FlatArray,2
17.4339,192849798,Greedy_FlatArray,2
16.7118,192885809,Greedy_FlatArray,2
15.9815,193141509,Greedy_FlatArray,2
16.4057,192889243,Greedy_FlatArray,2
16.9544,193073229,Greedy_FlatArray,2
22.3018,193473531,Greedy_FlatArray,2
19.2856,193712728,Greedy_FlatArray,2
9.4691,195470491,Greedy_FlatArray,2
15.9812,193829364,Greedy_FlatArray,2
16.6591,193841166,Greedy_FlatArray,2
15.8628,191775423,Greedy_FlatArray,2
25.7089,192255659,Greedy_FlatArray,2
27.7218,194439836,Greedy_FlatArray,2
13.7342,196397167,Greedy_FlatArray,2
17.3398,194475464,Greedy_FlatArray,2
16.0348,194744152,Greedy_FlatArray,2
17.4123,195149932,Greedy_FlatArray,2
16.0016,192784347,Greedy_FlatArray,2
16.206,192719656,Greedy_FlatArray,2
16.3288,192751774,Greedy_FlatArray,2
16.9426,192832711,Greedy_FlatArray,2
16.6937,192884563,Greedy_FlatArray,2
21.6655,193509797,Greedy_FlatArray,2
19.9189,195379990,Greedy_FlatArray,2
9.342,195317336,Greedy_FlatArray,2
15.996,193465167,Greedy_FlatArray,2
15.9618,193497275,Greedy_FlatArray,2
25.7112,193853777,Greedy_FlatArray,2
24.8572,193928269,Greedy_FlatArray,2
12.5082,194161286,Greedy_FlatArray,2
20.8941,193839136,Greedy_FlatArray,2
16.7999,193628639,Greedy_FlatArray,2
16.4635,194160774,Greedy_FlatArray,2
16.572,194131508,Greedy_FlatArray,2
16.5771,194398905,Greedy_FlatArray,2
16.8229,194257277,Greedy_FlatArray,2
16.5059,194433751,Greedy_FlatArray,2
16.6644,194521637,Greedy_FlatArray,2
16.5545,194563268,Greedy_FlatArray,2
16.8276,194363512,Greedy_FlatArray,2
16.5844,194654357,Greedy_FlatArray,2
16.8403,194466487,Greedy_FlatArray,2
16.6139,194805376,Greedy_FlatArray,2
17.037,194098119,Greedy_FlatArray,2
28.6726,194648426,Greedy_FlatArray,2
10.7831,194873188,Greedy_FlatArray,2
10.332,194207551,Greedy_FlatArray,2
16.2707,194850860,Greedy_FlatArray,2
18.4424,194365823,Greedy_FlatArray,2
28.6044,195426149,Greedy_FlatArray,2
14.9232,197377395,Greedy_FlatArray,2
15.535,195581076,Greedy_FlatArray,2
22.8517,194759955,Greedy_FlatArray,2
22.8421,196235948,Greedy_FlatArray,2
22.9948,198116542,Greedy_FlatArray,2
10.2698,198163497,Greedy_FlatArray,2
27.1889,196218468,Greedy_FlatArray,2
17.1659,196499918,Greedy_FlatArray,2
16.286,196419876,Greedy_FlatArray,2
16.4671,196720593,Greedy_FlatArray,2
17.6461,198846526,Greedy_FlatArray,2
16.2458,198606034,Greedy_FlatArray,2
15.6363,196934155,Greedy_FlatArray,2
18.5514,196997496,Greedy_FlatArray,2
14.9637,197175854,Greedy_FlatArray,2
17.521,197162528,Greedy_FlatArray,2
15.9661,197432874,Greedy_FlatArray,2
17.9375,197488896,Greedy_FlatArray,2
15.6706,197775006,Greedy_FlatArray,2
17.375,196818079,Greedy_FlatArray,2
16.2308,196906531,Greedy_FlatArray,2
17.5762,197037311,Greedy_FlatArray,2
15.5795,197127093,Greedy_FlatArray,2
17.3237,197387857,Greedy_FlatArray,2
15.548,197143987,Greedy_FlatArray,2
16.6916,197259405,Greedy_FlatArray,2
16.8751,197194075,Greedy_FlatArray,2
16.7403,197066299,Greedy_FlatArray,2
17.359,197540271,Greedy_FlatArray,2
15.7723,197395971,Greedy_FlatArray,2
16.7228,197538629,Greedy_FlatArray,2
16.7717,197480773,Greedy_FlatArray,2
16.6943,197695640,Greedy_FlatArray,2
16.6604,197557498,Greedy_FlatArray,2
16.6435,197319371,Greedy_FlatArray,2
17.6305,197952839,Greedy_FlatArray,2
15.6937,197828723,Greedy_FlatArray,2
16.5571,198075372,Greedy_FlatArray,2
16.6372,197898732,Greedy_FlatArray,2
16.675,198213292,Greedy_FlatArray,2
16.8555,198022018,Greedy_FlatArray,2
16.9654,198286608,Greedy_FlatArray,2
16.162,197678935,Greedy_FlatArray,2
16.8987,198433655,Greedy_FlatArray,2
16.4864,198282981,Greedy_FlatArray,2
16.6643,198596232,Greedy_FlatArray,2
17.0789,198470106,Greedy_FlatArray,2
16.1991,198695138,Greedy_FlatArray,2
19.9369,198967092,Greedy_FlatArray,2
18.4859,201027661,Greedy_FlatArray,2
11.8269,200961354,Greedy_FlatArray,2
23.4892,199015335,Greedy_FlatArray,2
26.7246,198291599,Greedy_FlatArray,2
23.7416,199652785,Greedy_FlatArray,2
9.5771,201657497,Greedy_FlatArray,2
16.8855,201735852,Greedy_FlatArray,2
16.5698,199409829,Greedy_FlatArray,2
16.8842,201882396,Greedy_FlatArray,2
16.0957,202008419,Greedy_FlatArray,2
17.1622,202053969,Greedy_FlatArray,2
16.2042,199939890,Greedy_FlatArray,2
16.0668,200253826,Greedy_FlatArray,2
17.1798,200146842,Greedy_FlatArray,2
16.3899,200361686,Greedy_FlatArray,2
18.8562,201150520,Greedy_FlatArray,2
14.976,200753958,Greedy_FlatArray,2
17.3101,199830191,Greedy_FlatArray,2
24.8987,201386778,Greedy_FlatArray,2
20.0192,203542303,Greedy_FlatArray,2
8.9445,203419542,Greedy_FlatArray,2
28.6372,200481799,Greedy_FlatArray,2
23.198,201605865,Greedy_FlatArray,2
10.4405,201672943,Greedy_FlatArray,2
16.7396,201755853,Greedy_FlatArray,2
16.9213,201814917,Greedy_FlatArray,2
16.3147,202404722,Greedy_FlatArray,2
16.716,202021328,Greedy_FlatArray,2
17.2883,202266142,Greedy_FlatArray,2
22.1673,202111052,Greedy_FlatArray,2
12.4342,202808471,Greedy_FlatArray,2
15.1241,204381772,Greedy_FlatArray,2
16.6624,202585900,Greedy_FlatArray,2
16.7749,204481598,Greedy_FlatArray,2
15.1847,202469162,Greedy_FlatArray,2
16.5362,202601514,Greedy_FlatArray,2
16.9404,201133055,Greedy_FlatArray,2
16.8269,201299411,Greedy_FlatArray,2
19.3304,202889920,Greedy_FlatArray,2
14.8184,201336259,Greedy_FlatArray,2
16.3493,202971222,Greedy_FlatArray,2
26.4207,203416242,Greedy_FlatArray,2
7.4499,205484656,Greedy_FlatArray,2
15.3035,203183627,Greedy_FlatArray,2
25.9433,203984629,Greedy_FlatArray,2
10.4898,206053847,Greedy_FlatArray,2
14.4554,205892226,Greedy_FlatArray,2
16.2894,203801638,Greedy_FlatArray,2
16.2995,203732172,Greedy_FlatArray,2
18.7157,203963918,Greedy_FlatArray,2
14.3563,204168358,Greedy_FlatArray,2
17.5988,204213459,Greedy_FlatArray,2
16.2895,204350555,Greedy_FlatArray,2
16.9233,204425415,Greedy_FlatArray,2
16.3198,204674675,Greedy_FlatArray,2
17.6309,202826747,Greedy_FlatArray,2
18.1846,205071627,Greedy_FlatArray,2
18.2936,207298968,Greedy_FlatArray,2
20.911,204983911,Greedy_FlatArray,2
24.6197,203089403,Greedy_FlatArray,2
27.0533,203334515,Greedy_FlatArray,2
43.753,206093903,Greedy_FlatArray,2
15.5067,207940724,Greedy_FlatArray,2
14.8624,207992377,Greedy_FlatArray,2
15.977,203732339,Greedy_FlatArray,2
22.1955,206550451,Greedy_FlatArray,2
20.9765,206634842,Greedy_FlatArray,2
9.7457,207257843,Greedy_FlatArray,2
14.1434,206467542,Greedy_FlatArray,2
18.4836,206934752,Greedy_FlatArray,2
14.8931,208947542,Greedy_FlatArray,2
16.1017,206970116,Greedy_FlatArray,2
16.5475,207083274,Greedy_FlatArray,2
18.6009,205210631,Greedy_FlatArray,2
15.7321,205297456,Greedy_FlatArray,2
16.5866,205409100,Greedy_FlatArray,2
17.1901,205227410,Greedy_FlatArray,2
18.0809,205423725,Greedy_FlatArray,2
14.2342,205031259,Greedy_FlatArray,2
16.8517,205727745,Greedy_FlatArray,2
16.5002,205697353,Greedy_FlatArray,2
16.4409,206072666,Greedy_FlatArray,2
17.7952,205948572,Greedy_FlatArray,2
15.5716,205875680,Greedy_FlatArray,2
16.0723,205892328,Greedy_FlatArray,2
17.9722,205889015,Greedy_FlatArray,2
15.6065,205979347,Greedy_FlatArray,2
17.0909,206140085,Greedy_FlatArray,2
16.58,205624931,Greedy_FlatArray,2
19.5771,206218431,Greedy_FlatArray,2
12.9204,206315659,Greedy_FlatArray,2
17.4016,206610338,Greedy_FlatArray,2
17.0144,206546476,Greedy_FlatArray,2
16.1819,206667642,Greedy_FlatArray,2
16.771,206826622,Greedy_FlatArray,2
16.7647,207025774,Greedy_FlatArray,2
21.5535,207377882,Greedy_FlatArray,2
12.4879,209650805,Greedy_FlatArray,2
16.422,207456028,Greedy_FlatArray,2
16.193,207740702,Greedy_FlatArray,2
17.9269,207757008,Greedy_FlatArray,2
15.0562,208034490,Greedy_FlatArray,2
19.6568,208100640,Greedy_FlatArray,2
14.7871,208338834,Greedy_FlatArray,2
18.6965,208273872,Greedy_FlatArray,2
23.742,209051188,Greedy_FlatArray,2
12.8359,211030198,Greedy_FlatArray,2
14.4128,208895196,Greedy_FlatArray,2
29.1788,208082935,Greedy_FlatArray,2
26.3702,209498571,Greedy_FlatArray,2
22.6221,211913803,Greedy_FlatArray,2
9.414801,211972195,Greedy_FlatArray,2
24.7154,209550597,Greedy_FlatArray,2
16.9584,210067957,Greedy_FlatArray,2
17.5639,209790729,Greedy_FlatArray,2
15.2918,210272377,Greedy_FlatArray,2
17.8878,210050461,Greedy_FlatArray,2
15.5722,210505277,Greedy_FlatArray,2
18.1398,210282765,Greedy_FlatArray,2
15.2245,210742758,Greedy_FlatArray,2
27.8299,210334206,Greedy_FlatArray,2
14.8504,211148536,Greedy_FlatArray,2
10.7935,213200030,Greedy_FlatArray,2
13.7767,209948011,Greedy_FlatArray,2
17.263,210132741,Greedy_FlatArray,2
16.894,210244906,Greedy_FlatArray,2
15.5122,209920332,Greedy_FlatArray,2
23.8948,210904733,Greedy_FlatArray,2
14.187,213023945,Greedy_FlatArray,2
12.843,213104066,Greedy_FlatArray,2
22.006,210111739,Greedy_FlatArray,2
13.0101,211046929,Greedy_FlatArray,2
14.8742,212869310,Greedy_FlatArray,2
15.4626,210632107,Greedy_FlatArray,2
21.2147,211155774,Greedy_FlatArray,2
13.3532,213435850,Greedy_FlatArray,2
18.1014,210820404,Greedy_FlatArray,2
24.2898,211718528,Greedy_FlatArray,2
11.6162,213938896,Greedy_FlatArray,2
12.4364,213782321,Greedy_FlatArray,2
15.5869,211572632,Greedy_FlatArray,2
16.8584,211836344,Greedy_FlatArray,2
16.8196,212020960,Greedy_FlatArray,2
16.5745,212119692,Greedy_FlatArray,2
17.3601,212273618,Greedy_FlatArray,2
17.2384,212917124,Greedy_FlatArray,2
16.3009,212460802,Greedy_FlatArray,2
42.2021,212696256,Greedy_FlatArray,2
8.8317,215284587,Greedy_FlatArray,2
16.0613,212960412,Greedy_FlatArray,2
16.4737,213079722,Greedy_FlatArray,2
17.0797,214030940,Greedy_FlatArray,2
23.6073,213464202,Greedy_FlatArray,2
24.6791,213779344,Greedy_FlatArray,2
19.9344,213752078,Greedy_FlatArray,2
17.0026,214367604,Greedy_FlatArray,2
14.2087,216481856,Greedy_FlatArray,2
15.5846,213478343,Greedy_FlatArray,2
18.6186,214799533,Greedy_FlatArray,2
15.5135,217178337,Greedy_FlatArray,2
16.7702,216999791,Greedy_FlatArray,2
16.0433,214720725,Greedy_FlatArray,2
20.9039,215330809,Greedy_FlatArray,2
13.0635,217492540,Greedy_FlatArray,2
15.5621,215178766,Greedy_FlatArray,2
17.1542,215305479,Greedy_FlatArray,2
16.1924,215325347,Greedy_FlatArray,2
16.6898,216080931,Greedy_FlatArray,2
16.9468,215553103,Greedy_FlatArray,2
18.2305,215722723,Greedy_FlatArray,2
16.3044,218295087,Greedy_FlatArray,2
16.4831,218316481,Greedy_FlatArray,2
16.6126,215947123,Greedy_FlatArray,2
17.2758,216708497,Greedy_FlatArray,2
16.1692,216137797,Greedy_FlatArray,2
16.1254,216166834,Greedy_FlatArray,2
17.2375,216530103,Greedy_FlatArray,2
17.2442,214886631,Greedy_FlatArray,2
20.3686,217074927,Greedy_FlatArray,2
11.6843,219505984,Greedy_FlatArray,2
17.6186,219053830,Greedy_FlatArray,2
16.289,216897571,Greedy_FlatArray,2
18.0784,217727369,Greedy_FlatArray,2
14.9925,219766772,Greedy_FlatArray,2
16.7456,215728967,Greedy_FlatArray,2
21.6957,217725669,Greedy_FlatArray,2
20.0941,220347480,Greedy_FlatArray,2
10.3898,220222121,Greedy_FlatArray,2
14.4881,216278287,Greedy_FlatArray,2
21.591,218485477,Greedy_FlatArray,2
15.1903,220813146,Greedy_FlatArray,2
12.5318,218471759,Greedy_FlatArray,2
17.4285,218724301,Greedy_FlatArray,2
17.0453,218789162,Greedy_FlatArray,2
15.9609,218999252,Greedy_FlatArray,2
16.9962,219702169,Greedy_FlatArray,2
16.0368,219198043,Greedy_FlatArray,2
19.2635,219192973,Greedy_FlatArray,2
20.441,220383875,Greedy_FlatArray,2
15.7087,222160676,Greedy_FlatArray,2
13.8373,219847011,Greedy_FlatArray,2
14.578,219855153,Greedy_FlatArray,2
16.6702,222657949,Greedy_FlatArray,2
16.2771,220127545,Greedy_FlatArray,2
20.468,220184019,Greedy_FlatArray,2
19.8871,220417397,Greedy_FlatArray,2
19.4432,221393773,Greedy_FlatArray,2
14.7831,221404399,Greedy_FlatArray,2
25.0418,220954561,Greedy_FlatArray,2
16.3457,221137501,Greedy_FlatArray,2
17.8292,221239500,Greedy_FlatArray,2
15.4325,219114939,Greedy_FlatArray,2
22.9307,222036252,Greedy_FlatArray,2
14.2147,224238254,Greedy_FlatArray,2
14.3614,224269437,Greedy_FlatArray,2
20.7024,221766610,Greedy_FlatArray,2
12.0395,224645793,Greedy_FlatArray,2
23.6654,221726306,Greedy_FlatArray,2
26.165,222243264,Greedy_FlatArray,2
18.1035,224631210,Greedy_FlatArray,2
15.1078,222761846,Greedy_FlatArray,2
16.8088,220138681,Greedy_FlatArray,2
15.862,221211664,Greedy_FlatArray,2
16.9484,220309672,Greedy_FlatArray,2
16.2702,220725048,Greedy_FlatArray,2
17.69,220455180,Greedy_FlatArray,2
15.7776,220897084,Greedy_FlatArray,2
18.0857,223315029,Greedy_FlatArray,2
15.8517,221215526,Greedy_FlatArray,2
28.412,220982478,Greedy_FlatArray,2
9.3607,224074967,Greedy_FlatArray,2
29.8831,221195690,Greedy_FlatArray,2
15.5613,221665126,Greedy_FlatArray,2
17.0977,221521858,Greedy_FlatArray,2
15.5446,221994717,Greedy_FlatArray,2
18.6456,224446060,Greedy_FlatArray,2
19.3989,222073750,Greedy_FlatArray,2
29.1518,222112300,Greedy_FlatArray,2
16.7889,222424550,Greedy_FlatArray,2
18.0837,222387744,Greedy_FlatArray,2
15.3133,222767029,Greedy_FlatArray,2
17.6005,225470692,Greedy_FlatArray,2
16.7056,223116059,Greedy_FlatArray,2
21.2274,223004269,Greedy_FlatArray,2
14.3189,223479221,Greedy_FlatArray,2
14.3488,226089470,Greedy_FlatArray,2
16.2088,223711010,Greedy_FlatArray,2
16.819,223556730,Greedy_FlatArray,2
17.0071,224698572,Greedy_FlatArray,2
16.5714,223780602,Greedy_FlatArray,2
15.7645,224201916,Greedy_FlatArray,2
25.6202,223906792,Greedy_FlatArray,2
11.1102,225269280,Greedy_FlatArray,2
13.8374,227120336,Greedy_FlatArray,2
16.0278,224424052,Greedy_FlatArray,2
19.6,224445290,Greedy_FlatArray,2
14.9847,224798868,Greedy_FlatArray,2
16.6074,227600098,Greedy_FlatArray,2
16.5205,224916844,Greedy_FlatArray,2
16.7236,224926586,Greedy_FlatArray,2
16.1368,228007189,Greedy_FlatArray,2
17.0634,224709624,Greedy_FlatArray,2
17.6303,225608296,Greedy_FlatArray,2
15.0771,228104796,Greedy_FlatArray,2
15.9833,225465826,Greedy_FlatArray,2
17.9176,225368204,Greedy_FlatArray,2
16.5524,226475654,Greedy_FlatArray,2
15.9776,225587112,Greedy_FlatArray,2
16.0492,226041018,Greedy_FlatArray,2
25.5889,224912588,Greedy_FlatArray,2
11.3954,225219646,Greedy_FlatArray,2
15.5722,225994382,Greedy_FlatArray,2
15.489,225354706,Greedy_FlatArray,2
19.5284,225410994,Greedy_FlatArray,2
14.154,226417821,Greedy_FlatArray,2
16.7772,225677606,Greedy_FlatArray,2
21.585,225670990,Greedy_FlatArray,2
13.8524,225992206,Greedy_FlatArray,2
13.7495,229054858,Greedy_FlatArray,2
17.0542,225984602,Greedy_FlatArray,2
20.7338,226354872,Greedy_FlatArray,2
12.6318,229423608,Greedy_FlatArray,2
16.2336,228172496,Greedy_FlatArray,2
16.019,226292692,Greedy_FlatArray,2
19.8189,226794794,Greedy_FlatArray,2
14.3715,228681599,Greedy_FlatArray,2
16.5045,226804926,Greedy_FlatArray,2
17.3094,228974288,Greedy_FlatArray,2
16.1682,229024915,Greedy_FlatArray,2
16.579,227182742,Greedy_FlatArray,2
20.8636,227306452,Greedy_FlatArray,2
12.2084,228488704,Greedy_FlatArray,2
17.3238,229596570,Greedy_FlatArray,2
15.8138,227741294,Greedy_FlatArray,2
17.962,229839240,Greedy_FlatArray,2
15.8955,230247489,Greedy_FlatArray,2
16.2793,230017183,Greedy_FlatArray,2
16.8394,227920710,Greedy_FlatArray,2
16.6098,228159200,Greedy_FlatArray,2
17.4339,230438777,Greedy_FlatArray,2
16.1829,230478164,Greedy_FlatArray,2
17.0532,230662773,Greedy_FlatArray,2
16.4948,228514576,Greedy_FlatArray,2
15.4832,228664534,Greedy_FlatArray,2
17.5055,228728834,Greedy_FlatArray,2
16.1125,228885862,Greedy_FlatArray,2
17.8057,228955838,Greedy_FlatArray,2
16.1838,229953087,Greedy_FlatArray,2
16.7355,231101966,Greedy_FlatArray,2
16.4963,231337855,Greedy_FlatArray,2
16.6157,231471540,Greedy_FlatArray,2
16.9751,231727196,Greedy_FlatArray,2
16.205,231689223,Greedy_FlatArray,2
16.4977,231641746,Greedy_FlatArray,2
16.9031,230639503,Greedy_FlatArray,2
17.3829,229349882,Greedy_FlatArray,2
14.8274,229975310,Greedy_FlatArray,2
17.8842,231811392,Greedy_FlatArray,2
15.5088,228602227,Greedy_FlatArray,2
20.0249,230308308,Greedy_FlatArray,2
14.5453,232079583,Greedy_FlatArray,2
16.016,230135450,Greedy_FlatArray,2
16.0798,230067918,Greedy_FlatArray,2
32.8577,231270457,Greedy_FlatArray,2
18.787,230240678,Greedy_FlatArray,2
14.8833,230403334,Greedy_FlatArray,2
16.9531,230403830,Greedy_FlatArray,2
16.5271,230574610,Greedy_FlatArray,2
16.5678,230727494,Greedy_FlatArray,2
17.1995,230805378,Greedy_FlatArray,2
16.0716,230771142,Greedy_FlatArray,2
16.8899,230976282,Greedy_FlatArray,2
17.2711,230877574,Greedy_FlatArray,2
16.0762,231080218,Greedy_FlatArray,2
16.3421,232192789,Greedy_FlatArray,2
16.9714,231239426,Greedy_FlatArray,2
16.8766,232151216,Greedy_FlatArray,2
16.3356,231294634,Greedy_FlatArray,2
16.7036,229790255,Greedy_FlatArray,2
16.5911,231650026,Greedy_FlatArray,2
17.7247,233231782,Greedy_FlatArray,2
15.66,231579578,Greedy_FlatArray,2
17.9103,233507264,Greedy_FlatArray,2
16.1509,231449880,Greedy_FlatArray,2
17.5752,231690704,Greedy_FlatArray,2
15.6423,231503932,Greedy_FlatArray,2
15.8789,231766298,Greedy_FlatArray,2
16.8165,232846752,Greedy_FlatArray,2
16.5088,231978726,Greedy_FlatArray,2
17.0825,231944152,Greedy_FlatArray,2
16.8939,232268306,Greedy_FlatArray,2
16.5972,232287068,Greedy_FlatArray,2
16.1895,232537714,Greedy_FlatArray,2
16.9891,233592573,Greedy_FlatArray,2
17.1498,232662234,Greedy_FlatArray,2
16.2152,232507744,Greedy_FlatArray,2
16.4069,230867071,Greedy_FlatArray,2
19.4536,233044682,Greedy_FlatArray,2
15.7371,234783505,Greedy_FlatArray,2
15.0484,232958588,Greedy_FlatArray,2
16.4044,233007514,Greedy_FlatArray,2
16.4408,233257108,Greedy_FlatArray,2
16.8588,233212118,Greedy_FlatArray,2
16.5218,233420568,Greedy_FlatArray,2
16.6707,234246663,Greedy_FlatArray,2
16.643,233458764,Greedy_FlatArray,2
16.91,233296766,Greedy_FlatArray,2
16.5472,234618142,Greedy_FlatArray,2
16.5513,234343119,Greedy_FlatArray,2
16.7006,233611520,Greedy_FlatArray,2
16.7434,231781663,Greedy_FlatArray,2
18.7154,234049628,Greedy_FlatArray,2
16.397,235905127,Greedy_FlatArray,2
14.8766,233973422,Greedy_FlatArray,2
17.2778,234628327,Greedy_FlatArray,2
15.9365,234015938,Greedy_FlatArray,2
17.3054,234666725,Greedy_FlatArray,2
16.4371,234077654,Greedy_FlatArray,2
17.2249,234755890,Greedy_FlatArray,2
15.7034,234140462,Greedy_FlatArray,2
17.8273,234796002,Greedy_FlatArray,2
15.4923,234180002,Greedy_FlatArray,2
17.6805,234837162,Greedy_FlatArray,2
15.7912,235195942,Greedy_FlatArray,2
